0.653932237	0.331799775	3.511906385
0.653943804	0.331751317	3.511936426
0.653955394	0.704891324	3.286077738
0.653966961	2.867227316	2.170695067
0.653978528	3.947943449	1.719278932
0.653990118	16.7569828	-0.724826038
0.654001661	36.3233757	-1.260446906
0.654013252	43.19116974	-1.288033962
0.654024819	43.85425949	-1.289623261
0.654036385	38.15823364	-1.270333529
0.654047976	43.101017	-1.287807226
0.654059542	39.83109665	-1.277523994
0.654071133	34.70613861	-1.249572158
0.654082699	34.3117981	-1.246559382
0.654094266	28.04226112	-1.17102766
0.654105833	28.79494476	-1.183618903
0.654117423	28.50892448	-1.178977251
0.65412899	30.4485302	-1.207350016
0.654140557	25.19565201	-1.110692024
0.654152147	30.03125572	-1.201829076
0.654163737	30.5779438	-1.209002972
0.654175304	32.87348938	-1.234179616
0.654186871	31.82247925	-1.223569751
0.654198438	30.10748291	-1.202859879
0.654210005	38.39095306	-1.271428824
0.654221595	35.20061874	-1.25314033
0.654233162	31.36746025	-1.218512297
0.654244729	39.71932983	-1.277090311
0.654256319	45.74007034	-1.293467999
0.654267885	39.81085587	-1.277445912
0.654279452	33.19439697	-1.237143517
0.654291043	33.62904739	-1.240967751
0.65430261	35.07262421	-1.252238393
0.654314176	38.83000565	-1.273408055
0.654325766	30.39974594	-1.206719756
0.654337333	24.41905022	-1.090018868
0.6543489	23.74454689	-1.070309162
0.65436049	22.91485596	-1.043597698
0.654372057	24.93540192	-1.103992939
0.654383624	25.40161514	-1.115836978
0.654395214	26.64149475	-1.144088149
0.654406781	26.50930786	-1.141286254
0.654418348	28.41711044	-1.177450657
0.654429938	32.29763412	-1.228544354
0.654441505	31.35794449	-1.218403339
0.654453095	31.05929375	-1.214915037
0.654464662	29.40530205	-1.192970991
0.654476229	26.46714211	-1.140382409
0.654487819	26.53794098	-1.141897202
0.654499386	26.91972733	-1.149832249
0.654510975	26.30513	-1.136863709
0.654522543	28.02523804	-1.170728564
0.65453411	27.24905205	-1.156370759
0.654545677	25.42490578	-1.116410255
0.65455729	25.25673294	-1.112232089
0.654568833	26.51922417	-1.141498089
0.6545804	24.54125214	-1.093410373
0.65459199	24.66837311	-1.096882224
0.654603557	23.96205711	-1.076852799
0.654615124	23.49291801	-1.062507153
0.654626714	23.78587341	-1.071566582
0.654638281	24.26051521	-1.085538864
0.654649848	24.64804649	-1.096330881
0.654661438	24.78977585	-1.10014534
0.654673005	25.22322273	-1.111388683
0.654684572	24.21152115	-1.084135771
0.654696162	23.06947327	-1.048794031
0.654707729	24.04296303	-1.079240441
0.654719295	24.48117447	-1.091749668
0.654730885	24.17226601	-1.08300519
0.654742452	23.755867	-1.070654273
0.65475402	23.32486916	-1.057154179
0.654765609	23.3792305	-1.058898449
0.654777177	22.94875336	-1.044745803
0.654788743	24.06663895	-1.079934478
0.654800333	23.08739853	-1.049389839
0.6548119	23.31413269	-1.056808233
0.654823467	23.30283165	-1.056443572
0.654835057	22.68051338	-1.035522342
0.654846624	23.22405815	-1.05388701
0.654858191	23.42297745	-1.060293317
0.654869781	23.4677906	-1.061714053
0.654881348	23.42132378	-1.060240746
0.654892915	23.71048355	-1.06926775
0.654904505	23.61831474	-1.066426754
0.654916072	23.77846336	-1.071341634
0.654927639	23.368433	-1.05855298
0.654939229	23.69802475	-1.068885684
0.654950796	23.53197861	-1.063734889
0.654962386	23.53505135	-1.06383121
0.654973953	22.99733925	-1.046382666
0.654985543	22.94943047	-1.044768691
0.654997087	22.73613358	-1.037461042
0.655008677	22.52704048	-1.030100226
0.655020244	22.46136475	-1.027747035
0.655031834	22.30892944	-1.022207975
0.6550434	22.36688995	-1.024326921
0.655054967	22.47118187	-1.028100014
0.655066534	22.02088356	-1.011440039
0.655078124	22.37419319	-1.024592757
0.655089691	22.15174484	-1.016381502
0.655101258	22.21370506	-1.018692255
0.655112848	21.98077011	-1.009908557
0.655124415	22.20406914	-1.01833415
0.655135982	22.46150398	-1.027752042
0.655147572	21.42570496	-0.987885773
0.655159139	21.94117355	-1.008389115
0.655170706	21.7467804	-1.000816107
0.655182296	21.89505577	-1.006609559
0.655193863	21.85350609	-1.004997253
0.65520543	21.77375603	-1.001878381
0.65521702	21.85766411	-1.00515902
0.655228587	21.75052834	-1.000963926
0.655240177	21.75374985	-1.001090884
0.655251744	22.02983284	-1.01178062
0.65526331	22.02606964	-1.011637449
0.6552749	22.19974709	-1.018173337
0.655286467	21.49359703	-0.990664601
0.655298057	21.76120567	-1.001384616
0.655309601	21.7380867	-1.000473023
0.655321191	21.51976967	-0.991729379
0.655332758	21.25197983	-0.980663598
0.655344325	21.15050125	-0.976369679
0.655355915	21.19147301	-0.978110075
0.655367482	21.0160408	-0.970593035
0.655379049	20.49678612	-0.947323322
0.655390639	21.20676041	-0.978757083
0.655402206	21.33154869	-0.983991504
0.655413773	21.15857887	-0.976713538
0.655425363	20.61231995	-0.952636063
0.655436953	20.95186996	-0.967800796
0.655448497	20.33844757	-0.939912677
0.655460087	20.33533669	-0.939765632
0.655471654	20.22870827	-0.934687376
0.655483243	20.11213303	-0.929055214
0.65549481	20.1909771	-0.932873666
0.655506377	20.20037079	-0.933326066
0.655517967	20.3611908	-0.940986455
0.655529534	20.77372742	-0.959927321
0.655541101	20.31912994	-0.938998222
0.655552691	20.23506927	-0.934992313
0.655564257	20.68405342	-0.955895186
0.655575847	20.87064171	-0.964233041
0.655587414	20.7755146	-0.96000725
0.65559898	20.53848648	-0.949249983
0.65561057	20.36844063	-0.941328049
0.655622137	20.55044365	-0.949800491
0.655633703	20.64172935	-0.953975916
0.65564527	20.07339287	-0.927164793
0.655656859	20.06334305	-0.926672816
0.655668426	19.79056931	-0.913074195
0.655680015	19.73600006	-0.910296083
0.655691582	19.63275528	-0.904986084
0.655703148	19.20288086	-0.882103384
0.655714738	19.47913933	-0.896953881
0.655726304	19.23690414	-0.883960903
0.655737871	19.17043114	-0.880324066
0.655749437	19.70352173	-0.908633232
0.655761027	19.25779343	-0.885097444
0.655772594	19.62623405	-0.904648364
0.655784183	19.55193901	-0.900780141
0.65579575	19.12138176	-0.877620518
0.655807317	19.19840622	-0.881858468
0.655818883	19.13029289	-0.878113031
0.655830472	19.11634827	-0.877342165
0.655842039	18.92510986	-0.866629899
0.655853605	18.96627998	-0.868958414
0.655865195	18.83726692	-0.861620367
0.655876762	19.22755623	-0.883451402
0.655888352	19.08296776	-0.875491262
0.655899918	18.55218887	-0.844967246
0.655911485	18.859375	-0.862886429
0.655923074	19.20129585	-0.882016599
0.65593464	18.92601013	-0.86668092
0.655946201	18.34363365	-0.832391679
0.655957782	17.94445038	-0.807360053
0.655969349	18.17479706	-0.821960986
0.655980938	17.82048035	-0.799320936
0.655992505	18.19531822	-0.823240995
0.656004071	18.48812485	-0.841140151
0.656015661	18.15054131	-0.820443869
0.656027227	17.74503326	-0.794365346
0.656038794	17.89698219	-0.80429703
0.656050384	18.21522522	-0.824479401
0.65606195	18.20780563	-0.82401818
0.656073517	18.14364815	-0.820011854
0.656085106	18.1703949	-0.821686089
0.656096696	18.14687347	-0.820214033
0.656108239	18.60577965	-0.848144651
0.656119829	18.79597473	-0.859245896
0.656131396	18.45374489	-0.8390733
0.656142985	18.65315056	-0.850934982
0.656154552	18.04972839	-0.814087033
0.656166118	18.13054466	-0.819189429
0.656177685	17.72184944	-0.792832911
0.656189274	17.71568871	-0.792424917
0.656200841	17.53437042	-0.780270994
0.65621243	17.43454933	-0.773457885
0.656223997	17.338274	-0.766803384
0.656235587	17.5411644	-0.780731499
0.656247153	17.67126846	-0.789473474
0.65625872	17.72301102	-0.792909741
0.656270286	17.5484848	-0.781227291
0.656281853	16.99755287	-0.742579997
0.656293442	17.28715897	-0.763236761
0.656305032	17.22057533	-0.758555412
0.656316575	17.32161522	-0.765643656
0.656328165	17.41758537	-0.772291303
0.656339731	17.49834442	-0.777822197
0.656351298	17.26900291	-0.761964321
0.656362888	16.97010231	-0.74058187
0.656374454	16.75499725	-0.724677205
0.656386021	16.69083977	-0.719847679
0.65639761	16.69783974	-0.720376492
0.656409177	16.87216187	-0.733394742
0.656420766	16.9774189	-0.741115212
0.656432333	16.7535286	-0.724567115
0.6564439	16.83548927	-0.730680347
0.656455466	17.18873215	-0.756302416
0.656467056	17.00679588	-0.743251264
0.656478623	16.52421379	-0.707116723
0.656490189	16.80718803	-0.72857666
0.656501779	16.6315937	-0.715352237
0.656513345	16.45412254	-0.701679468
0.656524935	16.6210289	-0.714547038
0.656536501	16.66557693	-0.717935026
0.656548091	16.54787254	-0.708941102
0.656559657	16.31464386	-0.690712452
0.656571224	16.25744438	-0.686157763
0.656582814	16.57901573	-0.71133399
0.656594357	16.50716019	-0.705798388
0.656605947	16.34108734	-0.69280684
0.656617513	16.36422539	-0.694633603
0.656629126	16.6177063	-0.714293599
0.656640669	16.35814667	-0.694154143
0.656652259	16.08985138	-0.672618032
0.656663825	16.19008827	-0.680751145
0.656675392	16.24259949	-0.68497026
0.656686958	16.21565819	-0.682809234
0.656698548	15.95841217	-0.661793053
0.656710115	15.79582691	-0.648147285
0.656721681	15.59349346	-0.630761921
0.656733271	16.05647469	-0.669886529
0.656744838	16.12081528	-0.675141692
0.656756404	15.98209381	-0.663757026
0.656767993	16.09641647	-0.673153937
0.65677956	16.11250496	-0.674465418
0.656791127	15.88167763	-0.655388296
0.656802716	15.57546997	-0.62919122
0.656814283	15.78627872	-0.647337019
0.656825849	15.890975	-0.656167686
0.656837439	16.0285244	-0.667590082
0.656849006	15.93097878	-0.659510553
0.656860572	15.80774879	-0.649157584
0.656872162	15.73397255	-0.64288044
0.656883728	15.49390888	-0.62203759
0.656895318	15.43698883	-0.61700052
0.656906884	15.67047501	-0.637429893
0.656918451	15.4179678	-0.61530906
0.656930041	15.24513626	-0.599748731
0.656941607	15.27482796	-0.602446556
0.656953174	15.26729584	-0.601763129
0.65696474	15.42882061	-0.616274655
0.65697633	15.63439178	-0.63431263
0.656987896	15.46683979	-0.619646728
0.656999463	15.4529705	-0.618418574
0.657011053	15.328825	-0.607326567
0.657022619	15.24338531	-0.599589288
0.657034185	15.083395	-0.58487004
0.657045775	14.84878063	-0.562730193
0.657057342	14.97428131	-0.574656367
0.657068908	14.70655632	-0.548979878
0.657080521	14.98618221	-0.575777352
0.657092064	15.16362095	-0.592288733
0.657103654	15.00812817	-0.57784003
0.65711522	14.82236481	-0.560195208
0.657126787	15.00257492	-0.577318609
0.657138353	14.91283417	-0.568841159
0.657149943	14.58727074	-0.53725183
0.65716151	14.69025612	-0.547387898
0.6571731	14.81026363	-0.559031129
0.657184666	14.47762966	-0.526312053
0.657196233	14.5569725	-0.53424412
0.657207799	14.58705807	-0.53723073
0.657219389	14.0217905	-0.479138434
0.657230978	14.31441784	-0.509738684
0.657242521	14.59778786	-0.538293064
0.657254111	14.3829546	-0.51674062
0.657265701	14.36045647	-0.514449
0.657277267	14.43571091	-0.522088587
0.657288834	14.34490204	-0.512860715
0.657300401	14.52061749	-0.530619681
0.657311967	14.43794727	-0.522314429
0.657323557	14.10240364	-0.487683445
0.657335123	14.12318134	-0.489871562
0.657346713	14.15553951	-0.493267655
0.657358279	14.04508877	-0.481617153
0.657369846	14.22294331	-0.500296593
0.657381435	14.20631981	-0.498568714
0.657393002	13.95821953	-0.472337127
0.657404568	14.06422043	-0.483647078
0.657416135	14.13200665	-0.490799189
0.657427725	13.95073318	-0.471532494
0.657439315	13.9816885	-0.474854469
0.657450858	13.68971348	-0.442988694
0.657462448	13.4557085	-0.416571468
0.657474014	13.7052393	-0.444713414
0.657485604	13.83249378	-0.458721101
0.657497193	13.66051865	-0.439736068
0.657508736	13.72259617	-0.446637601
0.657520326	13.70960045	-0.445197344
0.657531893	13.78654194	-0.453689307
0.657543483	13.56548023	-0.429062873
0.657555049	13.69085407	-0.443115532
0.657566615	13.70844173	-0.445068806
0.657578205	13.36770344	-0.406428874
0.657589749	13.53568745	-0.425690055
0.657601338	13.45085907	-0.416015565
0.657612905	13.22045803	-0.389199942
0.657624471	13.37810612	-0.407633811
0.657636061	13.78910828	-0.453971148
0.657647627	13.69647598	-0.443740338
0.657659194	13.52985287	-0.425027996
0.657670783	13.62899017	-0.436209798
0.65768235	13.60276699	-0.433265895
0.657693917	13.46874237	-0.418063849
0.657705506	13.40625572	-0.410886139
0.657717073	13.38015461	-0.407870859
0.657728639	13.12375069	-0.377705455
0.657740229	13.22198105	-0.38937974
0.657751796	13.22514629	-0.389753491
0.657763385	13.27149868	-0.395209074
0.657774952	12.93094158	-0.354357421
0.657786518	13.08757687	-0.373369008
0.657798108	12.91231728	-0.352071345
0.657809675	12.44665432	-0.293094486
0.657821241	12.78550053	-0.33635819
0.657832831	12.80619812	-0.338940263
0.657844397	12.99567604	-0.362260997
0.657855963	12.94040012	-0.355516404
0.657867553	12.39733028	-0.286638022
0.65787912	12.57719994	-0.309986115
0.657890709	12.59008408	-0.311637938
0.657902276	12.61025333	-0.314218134
0.657913842	12.46671581	-0.295708776
0.657925409	12.24340248	-0.266223848
0.657936999	12.20541763	-0.261123776
0.657948565	12.26659203	-0.269325227
0.657960155	12.10493469	-0.247511476
0.657971721	12.24290943	-0.266157925
0.657983288	12.1480608	-0.253375322
0.657994854	12.0195179	-0.235801101
0.658006444	11.95800781	-0.227288187
0.658018011	12.07837296	-0.243883789
0.658029577	12.02008247	-0.23587887
0.658041167	11.76216221	-0.199730232
0.658052733	11.70241833	-0.191184372
0.6580643	11.85200119	-0.212457925
0.658075889	11.78916836	-0.203571782
0.658087456	11.88790607	-0.217503667
0.658099046	11.7284584	-0.194917277
0.658110612	11.55000401	-0.169083074
0.658122179	11.76211166	-0.19972311
0.658133745	11.79910851	-0.20498234
0.658145335	11.61907768	-0.179153025
0.658156901	11.46404552	-0.156425968
0.658168468	11.57730389	-0.173073664
0.658180057	11.54334164	-0.168107107
0.658191624	11.46889114	-0.15714325
0.658203191	11.31800842	-0.134598911
0.65821478	11.54984379	-0.169059694
0.658226347	11.41135216	-0.148597553
0.658237913	11.71171379	-0.192518368
0.658249503	11.57915497	-0.173343808
0.65826107	11.59815216	-0.176111832
0.658272636	11.56617355	-0.17144838
0.658284226	11.51464462	-0.163893536
0.658295792	11.21437168	-0.118858554
0.658307359	11.08122349	-0.098325647
0.658318948	11.23258877	-0.121640675
0.658330538	11.17421532	-0.112702988
0.658342081	11.00465965	-0.086358249
0.658353671	11.06591988	-0.095942982
0.658365238	11.13458443	-0.106596738
0.658376827	11.1512785	-0.109172769
0.658388394	11.05837059	-0.094765961
0.65839996	10.9995594	-0.085556887
0.658411527	11.07723618	-0.097705215
0.658423116	10.8442831	-0.060905501
0.658434683	10.81348419	-0.055956982
0.65844625	10.82119656	-0.057198077
0.658457839	11.02685261	-0.089839324
0.658469429	10.62615395	-0.02543314
0.658480972	10.84932709	-0.061713953
0.658492562	10.74318314	-0.044588257
0.658504151	10.72203445	-0.041148007
0.658515718	10.7869482	-0.051677816
0.658527284	10.67316914	-0.033163142
0.658538851	10.58611679	-0.018813511
0.658550417	10.85607338	-0.062794596
0.658562007	10.6037302	-0.021729924
0.658573597	10.58526897	-0.018672939
0.658585163	10.55216789	-0.013173766
0.65859673	10.55813217	-0.014166373
0.658608296	10.49643707	-0.003861834
0.658619886	10.24753571	0.038551219
0.658631452	10.53891277	-0.010965018
0.658643019	10.43784428	0.006000634
0.658654585	10.29494095	0.0303682
0.658666175	10.07904911	0.068041854
0.658677742	10.31862354	0.02629895
0.658689308	10.24266338	0.039395098
0.658700898	10.43087578	0.007178551
0.658712465	10.33571815	0.023369284
0.658724054	10.144104	0.056579277
0.658735621	10.14025307	0.05725522
0.658747187	10.27120876	0.034458596
0.658758754	10.3330946	0.023818426
0.658770343	10.3112402	0.027566303
0.65878191	10.08347511	0.067258962
0.658793476	10.06323051	0.070843622
0.658805066	9.937534332	0.093310267
0.658816633	10.12261486	0.060355078
0.658828222	10.14094162	0.057134319
0.658839788	9.969347	0.087589733
0.658851355	10.17320251	0.051483158
0.658862945	10.01790333	0.078903414
0.658874512	9.737551689	0.129811972
0.658886078	9.817116737	0.115176812
0.658897668	10.00839615	0.080599919
0.658909234	10.22105694	0.043143649
0.658920801	10.16305542	0.053258058
0.65893239	9.850089073	0.109155767
0.658943957	9.927547455	0.095110849
0.658955523	9.76205349	0.125289246
0.658967113	9.826347351	0.1134886
0.65897868	9.820567131	0.114545561
0.658990246	9.727555275	0.131661356
0.659001836	9.650557518	0.145985931
0.659013402	9.544268608	0.165994495
0.659024969	9.689107895	0.138796255
0.659036558	9.700616837	0.136656895
0.659048125	9.444627762	0.185001537
0.659059691	9.409377098	0.191784486
0.65907128	9.549525261	0.164998606
0.659082847	9.421517372	0.189445019
0.659094413	9.333540916	0.206481412
0.659106002	9.504126549	0.173622653
0.659117569	9.462040901	0.181662291
0.659129135	9.302775383	0.212484688
0.659140725	9.238517761	0.225100055
0.659152291	9.389217377	0.195677474
0.65916388	9.316695213	0.209765568
0.659175447	9.279359818	0.2170697
0.659187013	9.308048248	0.211453944
0.65919858	9.341421127	0.204947457
0.659210169	9.320408821	0.209040895
0.659221735	9.064480782	0.259796649
0.659233302	9.028139114	0.267140359
0.659244892	9.036277771	0.265492678
0.659256458	9.24104023	0.224602819
0.659268047	9.414674759	0.190763071
0.659279613	9.066626549	0.259364069
0.65929118	8.999590874	0.272933304
0.659302746	8.996873856	0.27348569
0.659314336	8.979119301	0.277100563
0.659325902	9.126214027	0.247400358
0.659337469	9.059454918	0.260810077
0.659349058	8.868081093	0.299895614
0.659360647	8.878997803	0.297639966
0.659372191	8.895066261	0.294325769
0.65938378	9.052796364	0.262153864
0.65939537	8.953479767	0.282335103
0.659406913	8.795525551	0.314967394
0.659418491	9.02713871	0.267342985
0.65943008	9.160330772	0.240591615
0.659441647	9.196609497	0.233384207
0.659453213	8.866940498	0.3001315
0.659464803	8.787808418	0.316578865
0.659476369	8.742553711	0.326060385
0.659487935	8.940511704	0.284989446
0.659499525	8.875573158	0.298347205
0.659511091	8.571108818	0.362485707
0.659522681	8.652126312	0.345172584
0.659534247	8.648385048	0.345967948
0.659545813	8.63771534	0.348238975
0.65955738	8.552975655	0.3663854
0.659568969	8.670873642	0.341191918
0.659580536	8.560317993	0.364805162
0.659592102	8.298892975	0.421996683
0.659603692	8.340299606	0.412809491
0.659615258	8.184762001	0.447574318
0.659626824	8.158189774	0.45358333
0.659638413	8.349380493	0.410801262
0.65964998	8.144454002	0.456697613
0.65966157	8.371287346	0.405965924
0.659673136	8.454726219	0.387673974
0.659684702	8.522069931	0.373052955
0.659696292	8.20251751	0.443570375
0.659707858	8.107253075	0.465159833
0.659719424	8.219417572	0.439767897
0.659730991	8.376883507	0.404733121
0.65974258	8.122391701	0.461711377
0.659754147	8.322398186	0.416775435
0.659765736	8.259040833	0.430885017
0.659777302	8.248940468	0.433145225
0.659788869	8.145677567	0.456420004
0.659800435	8.175601006	0.449643523
0.659812025	8.022089005	0.484685749
0.659823591	8.058555603	0.476298779
0.659835158	7.961571693	0.498691261
0.65984677	8.03817749	0.480980635
0.659858314	8.044218063	0.479591429
0.65986988	7.926541805	0.506848097
0.659881469	7.857374191	0.523062587
0.659893036	7.990991592	0.491868973
0.659904602	7.892569542	0.514793992
0.659916192	7.827590466	0.5300892
0.659927781	7.956642151	0.499836922
0.659939347	8.064373016	0.47496447
0.659950914	7.942915916	0.503030777
0.65996248	7.84284687	0.526486456
0.659974046	7.715419292	0.556795359
0.659985636	7.954527378	0.5003286
0.659997226	7.76884222	0.544028103
0.660008769	7.669538021	0.567830503
0.660020358	7.723614216	0.554831207
0.660031925	7.695387363	0.561605334
0.660043491	7.590447426	0.587006629
0.66005508	7.599177837	0.584880292
0.660066647	7.595705509	0.585725665
0.660078213	7.666685581	0.568518758
0.660089802	7.612882614	0.581547201
0.660101369	7.501142502	0.608895004
0.660112935	7.542666912	0.598686159
0.660124525	7.522176743	0.60371691
0.660136091	7.512788773	0.606026232
0.660147681	7.593197823	0.586336434
0.660159247	7.608023167	0.582728326
0.660170837	7.589672089	0.587195516
0.66018238	7.591041565	0.586861789
0.660193969	7.465531349	0.617693603
0.660205536	7.47915411	0.61432296
0.660217102	7.453500271	0.620675206
0.660228692	7.428241253	0.626950264
0.660240281	7.415807247	0.630046725
0.660251824	7.341107369	0.648753822
0.660263414	7.208860397	0.682316423
0.66027498	7.176374912	0.690648556
0.660286546	7.167777062	0.69285959
0.660298136	7.282454014	0.663568795
0.660309702	7.430742264	0.626327992
0.660321268	7.533463955	0.600944042
0.660332858	7.635474205	0.57606566
0.660344425	7.513390541	0.605878115
0.660356014	7.394909859	0.635261953
0.66036758	7.558261871	0.594866216
0.660379147	7.653374195	0.571733654
0.660390713	7.65718317	0.570813179
0.660402303	7.389168739	0.636697114
0.660413869	6.978792191	0.742083013
0.660425435	6.931952953	0.754468978
0.660437025	6.980834007	0.741544664
0.660448591	6.971590042	0.743982613
0.660460181	6.923681259	0.756664097
0.660471747	7.039262772	0.726202309
0.660483313	6.9817729	0.741297305
0.660494903	7.01294899	0.733097613
0.660506469	7.061707497	0.720339358
0.660518036	6.969137669	0.74462986
0.660529625	6.763060093	0.799755096
0.660541191	6.868443966	0.77138263
0.660552781	6.927990437	0.755520165
0.660564347	6.82929945	0.781876683
0.660575914	6.838945866	0.779285729
0.66058748	6.952783108	0.748951435
0.66059907	6.79360199	0.791492701
0.660610636	6.771499634	0.797468841
0.660622225	6.942632675	0.751638234
0.660633792	6.7499156	0.803321123
0.660645358	6.750699043	0.803108335
0.660656924	6.817208767	0.785128653
0.660668514	6.722864151	0.81067884
0.66068008	6.688708305	0.820005536
0.660691647	6.657692432	0.828510404
0.660703236	6.598144531	0.844934523
0.660714803	6.73440361	0.807537139
0.660726369	6.651674271	0.830164552
0.660737958	6.627709866	0.836764216
0.660749524	6.495055199	0.873667002
0.660761114	6.411828995	0.897142828
0.660772681	6.460211754	0.883464754
0.660784247	6.678107262	0.8229087
0.660795836	6.733712673	0.807725012
0.660807426	6.549492836	0.858446896
0.660818969	6.427993298	0.892563641
0.660830536	6.444521427	0.887891173
0.660842125	6.359691143	0.911978126
0.660853691	6.327030659	0.921322167
0.660865258	6.445888519	0.887505233
0.660876847	6.47710228	0.878709734
0.660888414	6.495889664	0.873432875
0.66089998	6.491156101	0.874761164
0.660911569	6.59452486	0.845936894
0.660923136	6.424935818	0.893429041
0.660934725	6.4949193	0.873705089
0.660946292	6.511590958	0.869032562
0.660957858	6.246827126	0.944435179
0.660969448	6.153069019	0.971758485
0.660981014	6.30694294	0.927088618
0.66099258	6.168729782	0.967171729
0.66100417	6.219965935	0.952229619
0.661015736	6.279057026	0.935118556
0.661027326	6.225711346	0.950560093
0.661038869	6.269036293	0.93801105
0.661050458	6.192768574	0.960148931
0.661062025	6.196625233	0.959024191
0.661073591	5.981180191	1.022714853
0.661085181	5.982793331	1.02223146
0.66109677	6.0400424	1.005138159
0.661108313	5.95073843	1.031857371
0.661119903	5.963701725	1.027959704
0.661131469	5.908693314	1.044543624
0.661143035	5.969126701	1.02633059
0.661154625	6.026836395	1.009070039
0.661166191	6.097124577	0.988219678
0.661177781	6.008486271	1.014544487
0.661189347	5.912755013	1.043315053
0.661200937	5.909967423	1.044158101
0.66121248	5.861435413	1.058884859
0.661224069	5.799914837	1.077685475
0.661235636	5.863090515	1.0583812
0.661247202	5.883801937	1.052086473
0.661258792	5.981165886	1.022719145
0.661270358	5.860348225	1.059215784
0.661281924	5.91106844	1.04382515
0.661293514	5.711384296	1.10500288
0.66130508	5.688560486	1.112095952
0.661316646	5.868570328	1.056714058
0.661328236	5.707299709	1.106270671
0.661339802	5.730351448	1.099124074
0.661351369	5.693869114	1.110444307
0.661362958	5.66582489	1.119182468
0.661374524	5.650234699	1.124053836
0.661386091	5.649128437	1.1243999
0.661397681	5.730683327	1.099021316
0.661409247	5.699645519	1.108648419
0.661420813	5.752308369	1.092336536
0.661432402	5.692009449	1.11102283
0.661443969	5.754350185	1.091706276
0.661455559	5.790373325	1.080614686
0.661467125	5.610667229	1.13646102
0.661478691	5.668720245	1.118278861
0.661490258	5.611767769	1.136115074
0.661501847	5.636484623	1.128358245
0.661513414	5.549727917	1.155693889
0.661525003	5.648532391	1.124586344
0.661536569	5.614990234	1.135102391
0.661548136	5.608690739	1.137082458
0.661559725	5.48045969	1.177739143
0.661571291	5.475314617	1.17938447
0.661582858	5.325079918	1.227910638
0.661594448	5.335744381	1.224435091
0.661606014	5.486555576	1.175791264
0.661617603	5.410090923	1.200336814
0.661629169	5.501627445	1.170981526
0.661640736	5.555544376	1.153851628
0.661652326	5.398725987	1.204005599
0.661663892	5.311930656	1.232202768
0.661675458	5.275579929	1.244105816
0.661687025	5.332221508	1.2255826
0.661698614	5.468211651	1.181657672
0.66171018	5.257668972	1.249991298
0.661721747	5.255843639	1.250591874
0.661733336	5.27195406	1.24529624
0.661744902	5.288631916	1.239825487
0.661756469	5.229121208	1.25940001
0.661768059	5.158268452	1.282901406
0.661779625	5.218306541	1.262973309
0.661791191	5.211634636	1.265180349
0.661802781	5.245872498	1.253874898
0.661814347	5.270533085	1.245762825
0.661825914	5.273688793	1.244726539
0.661837503	5.304281235	1.234702945
0.661849069	5.185944557	1.273695946
0.661860635	5.117189884	1.296625257
0.661872225	5.139046192	1.28931427
0.661883792	5.183859348	1.274388313
0.661895358	5.144414425	1.287521839
0.661906947	5.142230988	1.288250685
0.661918514	5.1802454	1.27558887
0.66193008	5.232070923	1.258426309
0.66194167	5.133074284	1.291309953
0.661953236	5.034473419	1.32448101
0.661964802	5.137343407	1.289883256
0.661976392	5.022175789	1.328647733
0.661987958	4.911185265	1.366553664
0.661999525	4.900092125	1.370372176
0.662011114	4.957692623	1.350604415
0.66202268	4.975739956	1.344440818
0.66203427	4.924514294	1.361972809
0.662045836	4.910514832	1.366784334
0.662057403	4.895531178	1.371943593
0.662068969	4.943318844	1.355523586
0.662080559	5.040318012	1.322502971
0.662092148	5.005043507	1.334463596
0.662103691	5.001723766	1.335592032
0.662115281	4.909013271	1.367300868
0.662126847	4.810173988	1.401525021
0.662138437	4.743430138	1.424883127
0.662150003	4.815174103	1.399783254
0.662161569	4.803767204	1.403758526
0.662173159	4.701162338	1.43977952
0.662184725	4.786177635	1.409899831
0.662196315	4.765760899	1.417045832
0.662207881	4.73223114	1.42882216
0.662219447	4.726864338	1.430711746
0.662231037	4.692337036	1.442899942
0.66224258	4.699086189	1.440513253
0.66225417	4.601850033	1.475100279
0.662265759	4.643213749	1.460334301
0.662277302	4.607936859	1.472922444
0.662288892	4.568173885	1.487180114
0.662300458	4.559111595	1.490439773
0.662312048	4.603579998	1.474481106
0.662323614	4.619724751	1.468709827
0.66233518	4.515822887	1.506063104
0.662346747	4.433749676	1.535923719
0.662358336	4.580082893	1.482902408
0.662369903	4.651772499	1.457288861
0.662381469	4.546445847	1.495002031
0.662393058	4.520345211	1.504426837
0.662404625	4.513028622	1.507074595
0.662416191	4.550677776	1.493476868
0.66242778	4.427950382	1.538045645
0.66243937	4.469724178	1.522796392
0.662450913	4.520892143	1.504229069
0.662462503	4.538161755	1.497989893
0.662474069	4.501610279	1.511211515
0.662485659	4.45015955	1.529928207
0.662497225	4.419328213	1.54120338
0.662508815	4.439663887	1.533761501
0.662520358	4.322718144	1.5768255
0.662531947	4.404359818	1.546693564
0.662543513	4.333885193	1.572685242
0.66255508	4.329926491	1.57415235
0.662566669	4.351788521	1.566059947
0.662578235	4.362905026	1.561954022
0.662589802	4.253225803	1.602723718
0.662601391	4.215676308	1.616814375
0.662612957	4.285130501	1.590804815
0.662624547	4.350883007	1.566394806
0.662636113	4.300220013	1.585184693
0.66264768	4.387550354	1.552871704
0.662659269	4.317687035	1.578692675
0.662670835	4.266008377	1.597942591
0.662682402	4.265973091	1.597955823
0.662693991	4.200528145	1.622518063
0.662705557	4.256509781	1.60149467
0.662717124	4.233093262	1.610270023
0.662728713	4.194531918	1.624778867
0.662740279	4.156129837	1.639299393
0.662751846	4.11888504	1.653450847
0.662763435	4.208374977	1.619562149
0.662775001	4.219880104	1.615233421
0.662786568	4.137248039	1.646465182
0.662798157	4.228960991	1.611821413
0.662809723	4.191549301	1.625904083
0.662821289	4.12360096	1.651655197
0.662832879	4.072562218	1.671146631
0.662844445	4.002519608	1.69810462
0.662856012	4.09278965	1.663406611
0.662867601	4.088436127	1.665070772
0.662879167	4.077373028	1.669303894
0.662890734	4.079571247	1.668462277
0.662902323	4.056381702	1.677352548
0.662913889	4.151916981	1.640896678
0.662925455	4.13825655	1.646082044
0.662937045	3.955998898	1.716144204
0.662948611	4.066537857	1.673455834
0.662960177	4.062468052	1.675016642
0.662971767	4.010298252	1.695098758
0.662983333	4.010288239	1.695102572
0.6629949	3.948014021	1.719251394
0.663006489	3.898393869	1.738632083
0.663018055	3.929983854	1.726279378
0.663029621	3.976345062	1.708241224
0.663041211	3.916914702	1.731383801
0.663052777	3.927442312	1.727271318
0.663064344	3.908147335	1.734812856
0.663075933	3.944416285	1.720652461
0.663087499	3.970640659	1.710454822
0.663099065	3.992889404	1.701830149
0.663110655	3.946329355	1.719907403
0.663122221	3.884446621	1.744102001
0.663133788	3.874690771	1.747933865
0.663145377	3.839691639	1.761720419
0.663156967	3.861747503	1.753025174
0.663168533	3.894543171	1.740141273
0.663180099	3.7806952	1.785100818
0.663191688	3.763134003	1.792094708
0.663203232	3.812893391	1.772318602
0.663214821	3.826209545	1.767047763
0.663226387	3.939301491	1.722645402
0.663237953	3.863656044	1.752273917
0.663249543	3.732069016	1.804505229
0.663261109	3.738574743	1.801902056
0.663272676	3.68409586	1.823768377
0.663284265	3.643241167	1.840267181
0.663295832	3.714190483	1.811670303
0.663307398	3.686489582	1.822804451
0.663318987	3.640433073	1.841404438
0.663330577	3.660964251	1.833099246
0.66334212	3.607961178	1.854584694
0.663353709	3.573452711	1.868651986
0.663365299	3.541448116	1.881754518
0.663376842	3.499634743	1.898954272
0.663388431	3.522782564	1.889421105
0.663399998	3.57612443	1.867560625
0.663411564	3.604732037	1.85589838
0.663423153	3.582810164	1.864831209
0.66343472	3.655482531	1.835314512
0.663446286	3.580951929	1.865589619
0.663457875	3.448037863	1.920306325
0.663469442	3.464587688	1.913442135
0.663481031	3.4719975	1.910373569
0.663492597	3.532586813	1.885391831
0.663504163	3.584450007	1.864162207
0.66351573	3.524506331	1.888712287
0.663527319	3.52912879	1.886812449
0.663538885	3.506257772	1.896223784
0.663550475	3.512906313	1.893485069
0.663562041	3.47189045	1.910417914
0.663573631	3.469961405	1.911216497
0.663585174	3.523799419	1.889002919
0.663596763	3.502621174	1.897722721
0.66360833	3.463694811	1.913812041
0.663619896	3.496745348	1.900146246
0.663631485	3.488248825	1.90365386
0.663643051	3.468914747	1.911649823
0.663654618	3.400480747	1.940112472
0.663666207	3.413979769	1.934478164
0.663677774	3.381814957	1.947919369
0.66368934	3.465448856	1.913085342
0.663700929	3.448978186	1.919915915
0.663712496	3.377244473	1.94983387
0.663724085	3.329029322	1.970098615
0.663735651	3.351970911	1.960440636
0.663747218	3.286895514	1.987910628
0.663758807	3.387818575	1.945406318
0.663770374	3.34550333	1.963160515
0.663781939	3.254409313	2.001710177
0.663793529	3.22466588	2.014395237
0.663805095	3.282766581	1.989661336
0.663816662	3.257560492	2.000369072
0.663828251	3.202094555	2.02405405
0.663839818	3.219973326	2.016401053
0.663851384	3.168117285	2.038646698
0.663862973	3.151904821	2.045632124
0.663874539	3.164840937	2.040057182
0.663886106	3.142963648	2.049490929
0.663897695	3.175107479	2.035639286
0.663909262	3.23167038	2.011403561
0.663920851	3.235589027	2.009731054
0.663932417	3.263493776	1.997845411
0.663943984	3.272525549	1.994007587
0.66395555	3.252737045	2.002422094
0.663967139	3.245765448	2.005391598
0.663978706	3.18668294	2.030665159
0.663990272	3.156942844	2.043459892
0.664001861	3.207728624	2.021640539
0.664013428	3.164751768	2.040095568
0.664024994	3.128577232	2.055708885
0.664036583	3.177156925	2.034758091
0.66404815	3.181790113	2.032766819
0.664059716	3.133870363	2.053419828
0.664071305	3.16235137	2.041129351
0.664082872	3.143986702	2.049049139
0.664094461	3.118912935	2.059892416
0.664106027	3.144282579	2.048921347
0.664117594	3.086436033	2.073989391
0.66412916	3.015913725	2.104803801
0.664140749	3.072187185	2.080192804
0.664152316	3.030095577	2.098584652
0.664163882	3.026906729	2.099982023
0.664175471	3.029987335	2.098632097
0.664187038	3.038777113	2.094783068
0.664198627	3.050124645	2.089820623
0.664210193	3.010061026	2.107373714
0.66422176	3.019091606	2.10340929
0.664233349	2.998752594	2.112344742
0.664244915	2.981530666	2.119929075
0.664256482	2.981422424	2.119976759
0.664268048	2.975991249	2.12237215
0.664279637	2.989563704	2.116389275
0.664291227	2.966054678	2.126758814
0.66430277	2.927867174	2.143669844
0.664314359	2.933171988	2.141315699
0.664325926	3.00463295	2.109758854
0.664337491	2.990816593	2.115837574
0.664349081	2.951560974	2.133167505
0.664360647	2.93450284	2.140725374
0.664372213	2.985249996	2.118289709
0.664383803	2.9379282	2.13920641
0.664395369	2.951754808	2.133081675
0.664406935	2.886223316	2.162206411
0.664418525	2.894495964	2.158516169
0.664430091	2.947309017	2.13504982
0.664441658	2.902071476	2.1551404
0.664453247	2.89872241	2.156632423
0.664464836	2.850539684	2.178169251
0.66447638	2.871781588	2.168658018
0.664487969	2.936819315	2.139698029
0.664499535	2.86767602	2.170494318
0.664511102	2.880529881	2.16474843
0.664522691	2.854155302	2.176548481
0.664534257	2.792683363	2.204206944
0.664545824	2.839405775	2.183164835
0.664557413	2.811441898	2.195743561
0.664568979	2.809217453	2.196746111
0.664580569	2.830035448	2.18737483
0.664592135	2.829979658	2.187399864
0.664603701	2.878940344	2.165458441
0.664615268	2.877131939	2.166266441
0.664626857	2.847190857	2.179671049
0.664638423	2.814068794	2.194560051
0.664650013	2.774240017	2.212548018
0.664661579	2.769892454	2.214517117
0.664673145	2.744929791	2.225844383
0.664684711	2.677555561	2.256599188
0.664696301	2.704969645	2.244053125
0.664707867	2.724796057	2.235007048
0.664719433	2.734843254	2.230431795
0.664731023	2.756103993	2.220769405
0.664742589	2.768528462	2.215135098
0.664754156	2.679168224	2.255859852
0.664765745	2.733213425	2.231173515
0.664777311	2.727450371	2.233797789
0.664788901	2.657604694	2.265757561
0.664800467	2.648470879	2.269958258
0.664812033	2.7182374	2.237997055
0.664823623	2.657847405	2.265645981
0.664835189	2.665474892	2.262141943
0.664846755	2.662428618	2.263540983
0.664858345	2.686957359	2.252291441
0.664869911	2.600582123	2.292063475
0.664881477	2.627089977	2.279810667
0.664893067	2.642415047	2.272746086
0.664904633	2.701338053	2.245712519
0.664916222	2.641499281	2.273167849
0.664927789	2.574268818	2.304267645
0.664939355	2.62569356	2.280455113
0.664950921	2.636219025	2.275600672
0.66496251	2.583120108	2.300157785
0.664974077	2.593829632	2.295191288
0.664985643	2.62117219	2.282542467
0.664997232	2.547526836	2.316713095
0.665008799	2.611341715	2.287085056
0.665020365	2.55681777	2.312384367
0.665031978	2.533606052	2.323208571
0.665043521	2.479138613	2.348735571
0.66505511	2.557647705	2.311997891
0.665066676	2.545801878	2.317517281
0.665078243	2.56928277	2.306584835
0.665089809	2.533852816	2.323093414
0.665101398	2.493703604	2.341892004
0.665112965	2.512195349	2.333221674
0.665124531	2.50722456	2.335550308
0.66513612	2.465243101	2.355276585
0.665147687	2.45349288	2.360816956
0.665159253	2.503498793	2.337296724
0.665170842	2.540936232	2.319786787
0.665182409	2.470313311	2.352888584
0.665193975	2.418802023	2.377222776
0.665205564	2.391869307	2.390010357
0.665217131	2.399219513	2.386516094
0.665228697	2.392194033	2.389855862
0.665240286	2.416430235	2.378347158
0.665251852	2.435598135	2.369270563
0.665263442	2.39688015	2.38762784
0.665275008	2.403755665	2.384361267
0.665286574	2.382671595	2.394387484
0.665298141	2.38995409	2.390921354
0.66530973	2.366713047	2.401994467
0.66532132	2.384596109	2.393471241
0.665332863	2.352063417	2.408991337
0.665344452	2.395194531	2.388429165
0.665356019	2.385570288	2.393007517
0.665367608	2.392189503	2.389858007
0.665379174	2.404726267	2.383900404
0.665390741	2.333070755	2.418081999
0.665402307	2.339161158	2.415164471
0.665413896	2.314243078	2.427115679
0.665425463	2.348362207	2.410761118
0.665437029	2.352024555	2.409009934
0.665448618	2.335406065	2.4169631
0.665460185	2.338109732	2.415668011
0.665471751	2.319494247	2.424593926
0.66548334	2.311735869	2.428320408
0.665494907	2.269095421	2.448867321
0.665506473	2.280088902	2.44355917
0.665518062	2.304940701	2.431587219
0.665529652	2.293521404	2.437083483
0.665541195	2.252817631	2.456740856
0.665552784	2.268397331	2.449204683
0.66556435	2.273926735	2.44653368
0.665575917	2.282177925	2.442551374
0.665587506	2.249906063	2.458150864
0.665599072	2.230159044	2.467728138
0.665610639	2.201043606	2.481893539
0.665622228	2.166859627	2.498592854
0.665633795	2.188747883	2.487891674
0.665645361	2.172452211	2.495855808
0.66565695	2.24495554	2.460549593
0.66566854	2.22941494	2.468089581
0.665680106	2.220654964	2.472346306
0.665691672	2.256645918	2.454887629
0.665703238	2.264370441	2.451151133
0.665714805	2.215583801	2.474812746
0.665726394	2.182196617	2.49109149
0.66573796	2.176811457	2.493723631
0.665749527	2.169696331	2.497204304
0.665761116	2.166908264	2.498569012
0.665772682	2.225906134	2.469794035
0.665784272	2.227629662	2.468956709
0.665795838	2.144450903	2.509579659
0.665807404	2.157442093	2.503206253
0.66581897	2.061430454	2.550560951
0.66583056	2.10368228	2.529649496
0.665842126	2.164084673	2.499951601
0.665853693	2.144986868	2.509316444
0.665865282	2.125277042	2.519005537
0.665876848	2.128602266	2.51736927
0.665888437	2.089391232	2.536709786
0.665900004	2.076574087	2.543052912
0.66591157	2.115846157	2.523650408
0.66592316	2.086811304	2.537985802
0.665934726	2.047967911	2.557247877
0.665946292	2.055987358	2.553263187
0.665957881	2.066216946	2.548186302
0.665969448	2.040188074	2.561117411
0.665981014	2.052729607	2.554881334
0.665992604	2.065043688	2.548768282
0.66600417	2.064113617	2.549229622
0.666015736	2.105478048	2.528763294
0.666027326	2.101241112	2.530854702
0.666038892	2.056952953	2.552783728
0.666050481	2.075203419	2.543731928
0.666062047	2.065035105	2.548772574
0.666073614	2.019680023	2.571336269
0.66608518	2.037153482	2.562627792
0.666096769	2.004297018	2.57901907
0.666108336	2.008600235	2.576868296
0.666119925	1.997762322	2.582287312
0.666131492	1.947966576	2.607282639
0.666143058	1.9468261	2.607856989
0.666154624	1.990381002	2.585982323
0.666166214	1.937725782	2.61244297
0.66617778	1.970406413	2.595999003
0.666189346	1.933582902	2.614532471
0.666200936	1.987445712	2.58745265
0.666212502	1.925767064	2.618477583
0.666224068	1.940904379	2.610840559
0.666235658	1.884799719	2.639220953
0.666247224	1.902122021	2.630436659
0.66625879	1.917481661	2.622663975
0.66627038	1.913224697	2.624816656
0.666281946	1.882043958	2.640620232
0.666293512	1.913794994	2.62452817
0.666305101	1.906931877	2.628000975
0.666316668	1.909546614	2.626677513
0.666328234	1.912734032	2.62506485
0.666339823	1.893238783	2.634938955
0.66635139	1.912957907	2.624951601
0.666362956	1.905628324	2.628660917
0.666374546	1.934772015	2.61393261
0.666386112	1.926014423	2.618352652
0.666397678	1.928976178	2.61685729
0.666409267	1.901790142	2.630604744
0.666420834	1.869929552	2.646777391
0.6664324	1.867570281	2.647977591
0.666443989	1.896776915	2.633145094
0.666455579	1.909855247	2.626521349
0.666467122	1.898420453	2.632312059
0.666478711	1.833830714	2.665181637
0.666490278	1.830967426	2.66664505
0.666501844	1.807278872	2.678773165
0.666513433	1.785183907	2.69011879
0.666525	1.808160543	2.678321123
0.666536589	1.792239189	2.686492443
0.666548155	1.780884743	2.692330122
0.666559745	1.852325678	2.655741692
0.666571288	1.849106908	2.657382965
0.666582877	1.789354563	2.687974691
0.666594444	1.804944634	2.679970264
0.66660601	1.783660889	2.690901995
0.666617599	1.808303833	2.67824769
0.666629165	1.793055534	2.686073065
0.666640755	1.776367903	2.694654703
0.666652321	1.778278112	2.693671465
0.666663888	1.757015467	2.704629898
0.666675454	1.734256029	2.716392994
0.666687043	1.736722112	2.715116739
0.666698632	1.71835959	2.724629402
0.666710199	1.730722904	2.718222141
0.666721765	1.76665628	2.69965744
0.666733331	1.763489842	2.701289892
0.666744898	1.733311296	2.71688199
0.666756487	1.715080023	2.726330757
0.666768054	1.704744697	2.731697083
0.666779643	1.705615759	2.731244564
0.666791209	1.684998751	2.741969585
0.666802798	1.709350467	2.729304791
0.666814342	1.719543338	2.724015474
0.666825931	1.717380047	2.725137472
0.666837498	1.69389987	2.737335682
0.666849087	1.700341225	2.733985663
0.666860653	1.696526527	2.735969305
0.666872242	1.697236061	2.735600233
0.666883786	1.700697184	2.73380065
0.666895398	1.71958065	2.723996162
0.666906964	1.682805181	2.743112326
0.666918531	1.670594096	2.749479771
0.666930097	1.659042239	2.755512714
0.666941663	1.679230452	2.744975328
0.666953253	1.687412143	2.740712643
0.666964819	1.681568384	2.743756771
0.666976409	1.687452912	2.740691423
0.666987975	1.662396789	2.753759861
0.666999541	1.654388666	2.757945538
0.66701113	1.642312169	2.764265776
0.667022697	1.638355613	2.766338587
0.667034263	1.640686393	2.765117407
0.66704583	1.627617955	2.771969318
0.667057442	1.604631186	2.784049511
0.667068985	1.615041852	2.77857399
0.667080551	1.59622705	2.788475037
0.667092141	1.582839489	2.795534611
0.66710373	1.583066344	2.795414925
0.667115273	1.589458466	2.792042732
0.667126863	1.57051146	2.802046299
0.667138429	1.583289027	2.795297384
0.667149995	1.591703177	2.790859222
0.667161585	1.575297356	2.799517155
0.667173151	1.571957111	2.801282167
0.66718474	1.552695394	2.811475039
0.667196307	1.588988781	2.792290449
0.667207873	1.582606912	2.795657396
0.667219462	1.544377685	2.815884352
0.667231028	1.562956929	2.806041718
0.667242595	1.583588958	2.795139074
0.667254161	1.594040275	2.789627314
0.667265751	1.610548735	2.780936241
0.667277317	1.598374486	2.787343741
0.667288906	1.574910641	2.799721479
0.667300473	1.551095843	2.812322617
0.667312039	1.518420219	2.829675198
0.667323605	1.538315773	2.819100857
0.667335195	1.565529347	2.804680824
0.667346761	1.562488318	2.806289673
0.667358327	1.541854143	2.817223072
0.667369916	1.525835633	2.825730801
0.667381483	1.498621106	2.84022522
0.667393049	1.520085216	2.828789234
0.667404639	1.503418326	2.837666512
0.667416205	1.496412516	2.841403723
0.667427771	1.492905974	2.843275547
0.66743936	1.499055505	2.839993477
0.667450927	1.498128653	2.840487957
0.667462516	1.490089655	2.844779491
0.667474083	1.476938367	2.85180974
0.667485672	1.481064677	2.849602699
0.667497215	1.481006265	2.849633932
0.667508805	1.463187456	2.859173298
0.667520394	1.445948601	2.868422985
0.66753196	1.467992306	2.856598854
0.667543526	1.457096934	2.862438917
0.667555116	1.451119423	2.865646362
0.667566682	1.46233201	2.859631777
0.667578249	1.438623667	2.872359514
0.667589815	1.458217979	2.861837626
0.667601404	1.473193765	2.853813648
0.66761297	1.474238873	2.853254318
0.66762456	1.463486433	2.859013081
0.667636103	1.470220804	2.855405331
0.667647692	1.435338497	2.874126196
0.667659281	1.413947582	2.885648012
0.667670825	1.414248705	2.885485649
0.667682414	1.414124489	2.885552645
0.667693981	1.441990018	2.870549917
0.667705547	1.399402976	2.893500328
0.667717136	1.407335877	2.889215708
0.667728725	1.390460968	2.898335218
0.667740292	1.408839941	2.888403893
0.667751858	1.407410145	2.889175654
0.667763424	1.378552914	2.904782534
0.66777499	1.370802283	2.908984184
0.667786603	1.381621242	2.903120279
0.667798169	1.390114665	2.898522615
0.667809736	1.361468434	2.914049625
0.667821302	1.356570602	2.916710138
0.667832891	1.35501349	2.917556286
0.667844457	1.363739133	2.912816763
0.667856024	1.358515024	2.915653706
0.66786759	1.379243255	2.904408455
0.66787918	1.371280909	2.908724546
0.667890746	1.36415112	2.912593126
0.667902312	1.36274004	2.913359165
0.667913878	1.347659349	2.921555042
0.667925468	1.331900477	2.930136442
0.667937057	1.321829915	2.935629368
0.6679486	1.315363765	2.939160109
0.66796019	1.347366571	2.921714306
0.667971779	1.342868209	2.924162149
0.667983345	1.317610145	2.937933207
0.667994912	1.291151881	2.952406645
0.668006478	1.309813976	2.942192793
0.66801809	1.317478657	2.938004971
0.668029634	1.303208709	2.945805073
0.6680412	1.287513018	2.954401016
0.668052789	1.342092156	2.924584627
0.668064355	1.325071812	2.933860302
0.668075945	1.317847133	2.937803745
0.668087511	1.302642703	2.946114779
0.668099077	1.308665633	2.942820549
0.668110667	1.269484401	2.964296103
0.668122233	1.293167949	2.951302052
0.668133799	1.267975926	2.965125084
0.668145389	1.271523953	2.963175535
0.668156955	1.287565231	2.954372406
0.668168521	1.260257959	2.969368935
0.668180087	1.265586495	2.966438532
0.668191677	1.266579151	2.965892792
0.668203243	1.295650363	2.94994235
0.668214809	1.27866447	2.959254742
0.668226398	1.299103022	2.94805193
0.668237965	1.303101897	2.945863485
0.668249531	1.280995846	2.957975388
0.668261121	1.25649941	2.971437216
0.668272687	1.241134524	2.979902506
0.668284276	1.253389001	2.973149538
0.668295843	1.285645008	2.955425263
0.668307409	1.260001421	2.969510078
0.668318998	1.249436736	2.9753263
0.668330564	1.227001786	2.9877038
0.668342131	1.247291803	2.976508141
0.66835372	1.242970347	2.978890181
0.668365286	1.209107518	2.997601748
0.668376852	1.217464447	2.992976427
0.668388442	1.208833814	2.997753382
0.668400008	1.189760208	3.008329153
0.668411575	1.212187767	2.995896339
0.668423141	1.227683663	2.987327099
0.66843473	1.202330947	3.001356125
0.668446297	1.203726053	3.000582933
0.668457863	1.235897183	2.982791901
0.668469452	1.245767713	2.977348089
0.668481018	1.207150579	2.998685598
0.668492585	1.179542303	3.014005423
0.668504174	1.196073771	3.004825592
0.66851574	1.189858198	3.008274794
0.66852733	1.180370569	3.013545036
0.668538896	1.153508425	3.028501511
0.668550462	1.157195687	3.026445389
0.668562051	1.158807755	3.025546789
0.668573618	1.178632617	3.014511108
0.668585207	1.179718971	3.013907194
0.66859675	1.164335966	3.02246666
0.66860834	1.154017568	3.028217554
0.668619906	1.158627272	3.025647402
0.668631472	1.145143509	3.033169508
0.668643061	1.151504278	3.029619455
0.668654651	1.178197742	3.014752865
0.668666217	1.142551184	3.034617186
0.668677783	1.148119092	3.031508446
0.668689373	1.152600884	3.029007673
0.668700916	1.157882571	3.026062489
0.668712505	1.148257494	3.031431198
0.668724095	1.146863341	3.032209396
0.668735661	1.139311075	3.036427259
0.668747228	1.166713357	3.021142721
0.668758817	1.161207438	3.024209499
0.66877036	1.135107279	3.038776875
0.668781949	1.15108335	3.029854298
0.668793539	1.149688602	3.030632496
0.668805082	1.135464191	3.038577318
0.668816671	1.131793618	3.040629864
0.668828237	1.123512983	3.045263767
0.668839804	1.092350125	3.062747002
0.668851393	1.113843083	3.050681353
0.668862982	1.105774403	3.055207014
0.668874526	1.113012552	3.051146984
0.668886115	1.1045084	3.055917501
0.668897705	1.101518154	3.057596207
0.668909248	1.09519136	3.061150074
0.668920837	1.092955828	3.06240654
0.668932426	1.075287581	3.07234931
0.668943992	1.077832222	3.070915937
0.668955582	1.078341007	3.070629358
0.668967125	1.055455327	3.083536863
0.668978691	1.0578233	3.082199574
0.668990304	1.055092335	3.083741903
0.66900187	1.06921804	3.07577014
0.669013436	1.040293694	3.092108965
0.669025003	1.047626615	3.087960959
0.669036592	1.040355206	3.092074156
0.669048135	1.0562886	3.083066225
0.669059725	1.034652948	3.095302343
0.669071291	1.035685778	3.094717503
0.669082857	1.027405858	3.099408627
0.669094447	1.031359553	3.097167969
0.669106013	1.027716279	3.099232674
0.669117625	1.029232264	3.098373413
0.669129169	1.033067703	3.096200228
0.669140758	1.042552471	3.090830803
0.669152324	1.025437713	3.100524426
0.669163891	1.029274344	3.098349571
0.669175457	1.024088144	3.101289749
0.669187046	1.034965396	3.095125437
0.669198612	1.02100718	3.103037357
0.669210179	1.036459684	3.094279289
0.669221768	1.031163454	3.097279072
0.669233334	1.027348638	3.099441052
0.669244924	1.007881045	3.110490561
0.66925649	1.008609772	3.110076428
0.669268056	1.026976824	3.099651814
0.669279645	1.01502943	3.106430054
0.669291212	1.018687725	3.104353428
0.669302778	1.004415155	3.112460613
0.669314368	1.003015518	3.113256455
0.669325934	0.999147475	3.115456581
0.6693375	1.011406779	3.108487368
0.669349089	0.982988954	3.1246593
0.669360655	0.986380398	3.122726202
0.669372222	0.996161401	3.11715579
0.669383811	0.993563831	3.118634462
0.669395378	0.982900262	3.124709845
0.669406944	0.982511401	3.124931574
0.669418533	0.982641459	3.124857426
0.669430099	0.98290658	3.124706268
0.669441666	0.984151602	3.123996496
0.669453255	0.986665309	3.122563839
0.669464822	0.975159764	3.129125118
0.669476388	0.973588646	3.130021811
0.669487977	0.975200653	3.129101753
0.669499543	0.95119077	3.142825127
0.669511109	0.949004948	3.144076586
0.669522699	0.967705667	3.133381128
0.669534265	0.979468584	3.126666784
0.669545832	0.968388975	3.132990837
0.669557421	0.935142696	3.152021408
0.669568987	0.94495976	3.146393538
0.669580553	0.942754507	3.147657156
0.669592143	0.929530084	3.155242205
0.669603709	0.930229485	3.154840708
0.669615275	0.944756687	3.146509886
0.669626865	0.943897843	3.147001982
0.669638431	0.932280421	3.153663635
0.669649997	0.946599186	3.145454407
0.669661563	0.918117821	3.161798239
0.669673153	0.910670161	3.166081905
0.669684742	0.924928784	3.157884359
0.669696309	0.925842822	3.157359362
0.669707875	0.912500024	3.165029049
0.669719464	0.914354742	3.163962126
0.66973103	0.917186856	3.162333489
0.669742597	0.927734017	3.156273365
0.669754163	0.913420498	3.164499521
0.669765753	0.916361272	3.16280818
0.669777319	0.887058377	3.179689884
0.669788885	0.891076863	3.177371025
0.669800474	0.893344045	3.176063299
0.669812041	0.895790875	3.174652338
0.669823607	0.891537249	3.177105427
0.669835173	0.884850025	3.180964708
0.669846763	0.884411097	3.181218147
0.669858329	0.884822786	3.180980444
0.669869895	0.890161932	3.177898884
0.669881484	0.882030129	3.182593107
0.669893074	0.872786522	3.187935114
0.669904617	0.870228171	3.18941474
0.669916206	0.858197212	3.196379423
0.669927773	0.880531013	3.183459044
0.669939362	0.868591249	3.190361738
0.669950928	0.877060413	3.185464382
0.669962517	0.87474525	3.186802626
0.669974084	0.876793921	3.185618401
0.66998565	0.870781362	3.189094782
0.66999724	0.854315341	3.198628902
0.670008783	0.877843022	3.185012102
0.670020372	0.873291612	3.187643051
0.670031939	0.875615478	3.186299563
0.670043505	0.874167442	3.18713665
0.670055094	0.865804792	3.191974163
0.67006666	0.86624682	3.19171834
0.670078227	0.862775624	3.193727732
0.670089816	0.858943343	3.19594717
0.670101382	0.860827327	3.194855928
0.670112948	0.865253687	3.192293167
0.670124538	0.872318983	3.188205481
0.670136104	0.850829721	3.200649738
0.670147671	0.833563685	3.210673332
0.67015926	0.832697749	3.211176634
0.670170849	0.833296657	3.210828543
0.670182393	0.825874865	3.215144157
0.670193982	0.817431748	3.22005868
0.670205571	0.820158243	3.21847105
0.670217138	0.816932321	3.22034955
0.670228704	0.816888511	3.220375061
0.67024027	0.80594933	3.226750851
0.670251859	0.805686891	3.226903915
0.670263426	0.807923555	3.225599527
0.670274992	0.796206534	3.232436895
0.670286581	0.792642832	3.234518528
0.670298148	0.803849697	3.227975607
0.670309714	0.805753529	3.226865053
0.670321303	0.808814526	3.225080013
0.67033287	0.792030335	3.234876394
0.670344436	0.797399998	3.231739998
0.670356025	0.79603833	3.232535124
0.670367591	0.798840702	3.230898857
0.670379181	0.796667457	3.232167721
0.67039077	0.783483625	3.239872932
0.670402313	0.795303941	3.232964039
0.670413879	0.8029989	3.228471994
0.670425469	0.800279617	3.230058909
0.670437035	0.805560589	3.226977587
0.670448602	0.786413133	3.238159657
0.670460214	0.79061532	3.23570323
0.670471757	0.78832984	3.237039089
0.670483346	0.809774756	3.224520207
0.670494913	0.800036609	3.230200768
0.670506502	0.788758457	3.236788511
0.670518045	0.789791286	3.236184835
0.670529635	0.7868976	3.237876415
0.670541201	0.786797702	3.237934828
0.670552767	0.766950786	3.249553919
0.670564357	0.758034289	3.25478363
0.670575923	0.773750186	3.245569944
0.670587489	0.769430995	3.248100281
0.670599078	0.76661402	3.249751329
0.670610645	0.768083572	3.248889923
0.670622211	0.74801451	3.260667563
0.670633801	0.756050348	3.255948067
0.670645367	0.756060898	3.255941868
0.670656956	0.752808213	3.257851601
0.670668522	0.753474474	3.257460356
0.670680089	0.756759524	3.255531788
0.670691655	0.74306041	3.263579607
0.670703244	0.75836581	3.254589081
0.670714834	0.752429009	3.258074284
0.670726377	0.750183106	3.259393454
0.670737966	0.746737778	3.261417866
0.670749556	0.745648623	3.26205802
0.670761099	0.740480721	3.265096664
0.670772688	0.73793596	3.266593695
0.670784278	0.753152072	3.25764966
0.670795844	0.761313915	3.252859354
0.67080741	0.747976005	3.260690212
0.670818976	0.738951087	3.265996456
0.670830566	0.731194079	3.270562172
0.670842132	0.725819767	3.273728132
0.670853721	0.735456884	3.268052578
0.670865288	0.741466999	3.264516592
0.670876854	0.736630499	3.267361879
0.67088842	0.746159732	3.261757612
0.670899987	0.747238398	3.261123657
0.670911576	0.743487775	3.263328314
0.670923142	0.734319091	3.268722296
0.670934709	0.732284904	3.269919872
0.670946298	0.726409674	3.273380518
0.670957864	0.73389703	3.268970728
0.67096943	0.728827238	3.271956205
0.67098102	0.721054852	3.276536942
0.670992609	0.706217766	3.285294056
0.671004175	0.699353695	3.289350987
0.671015742	0.701181233	3.288270474
0.671027308	0.694031179	3.292499304
0.671038874	0.694003344	3.292515755
0.671050464	0.702250898	3.287638187
0.67106203	0.701364338	3.288162231
0.671073619	0.699118614	3.289489985
0.671085185	0.702841044	3.287289381
0.671096775	0.702362239	3.287572384
0.671108318	0.690588832	3.294536591
0.671119907	0.679506481	3.301101685
0.671131497	0.681026876	3.300200462
0.67114304	0.682284474	3.299455166
0.671154629	0.688444495	3.29580617
0.671166195	0.686457694	3.296982765
0.671177785	0.682082892	3.299574614
0.671189351	0.67573297	3.303339243
0.671200917	0.681680203	3.299813271
0.671212484	0.671530902	3.305832148
0.671224073	0.668124259	3.307854176
0.671235662	0.67304939	3.304931164
0.671247229	0.66165328	3.311697483
0.671258795	0.675282359	3.30360651
0.671270361	0.677597165	3.302233696
0.671281951	0.667124391	3.308447838
0.671293517	0.661350787	3.311877251
0.671305106	0.663903892	3.310360432
0.671316672	0.657921672	3.313915253
0.671328239	0.657149673	3.314374209
0.671339828	0.649427354	3.318967581
0.671351394	0.654201925	3.316127062
0.671362961	0.648908973	3.319276094
0.671374527	0.652050316	3.317406893
0.671386116	0.653319597	3.316651821
0.671397683	0.653532863	3.316524983
0.671409272	0.646952689	3.320440531
0.671420838	0.653027415	3.316825628
0.671432404	0.648141444	3.319732904
0.671443971	0.651744545	3.317588806
0.67145556	0.645423293	3.321351051
0.671467126	0.642066479	3.323350191
0.671478692	0.641234458	3.323845863
0.671490282	0.638301492	3.325593472
0.671501848	0.649593592	3.318868637
0.671513438	0.649092436	3.319166899
0.671525004	0.651227176	3.317896605
0.67153657	0.649861634	3.318709135
0.671548159	0.651756942	3.317581415
0.671559726	0.644412339	3.321953058
0.671571292	0.643240511	3.322650909
0.671582881	0.633686602	3.328344584
0.671594471	0.629767001	3.330682516
0.671606014	0.626523972	3.33261776
0.671617603	0.628487945	3.331445694
0.67162917	0.633102119	3.328693152
0.671640735	0.639886677	3.324648857
0.671652325	0.633954883	3.328184605
0.671663891	0.624114454	3.334056139
0.671675458	0.622514546	3.335011482
0.671687024	0.628404021	3.331495762
0.671698613	0.63014704	3.33045578
0.67171018	0.631260514	3.329791546
0.671721769	0.620518565	3.336203575
0.671733335	0.608748078	3.343239784
0.671744901	0.617056012	3.338272333
0.671756491	0.617540002	3.337983131
0.671768057	0.614215493	3.339970112
0.671779623	0.60544014	3.345219135
0.671791212	0.611062706	3.341855288
0.671802779	0.600465715	3.348197222
0.671814368	0.60541743	3.345232725
0.671825912	0.602326334	3.347083092
0.671837501	0.602513492	3.346971035
0.671849067	0.601813853	3.347389936
0.671860633	0.599023461	3.349061012
0.671872223	0.596601367	3.350512028
0.671883812	0.598240197	3.34953022
0.671895378	0.590121687	3.354396105
0.671906944	0.590384483	3.35423851
0.671918511	0.584732711	3.357628822
0.671930077	0.582578003	3.358922005
0.671941667	0.579859674	3.36055398
0.671953256	0.580495	3.36017251
0.671964799	0.584566653	3.357728481
0.671976389	0.581383348	3.359639168
0.671987955	0.576268315	3.362710953
0.671999521	0.570085049	3.366426945
0.67201111	0.568639338	3.367296219
0.6720227	0.572878122	3.364748001
0.672034266	0.572334707	3.365074635
0.672045832	0.575480938	3.363183975
0.672057399	0.577760696	3.361814499
0.672068964	0.580407202	3.360225201
0.672080554	0.570992827	3.365881205
0.672092144	0.569278896	3.36691165
0.67210371	0.576326668	3.362675905
0.672115276	0.567909837	3.367734909
0.672126842	0.564640999	3.369701147
0.672138431	0.571069777	3.365834951
0.672149998	0.57601428	3.362863541
0.672161564	0.57711488	3.362202406
0.672173153	0.579048514	3.361041069
0.67218472	0.573973119	3.364089966
0.672196286	0.5680601	3.367644548
0.672207852	0.56867069	3.367277384
0.672219442	0.562221706	3.371156931
0.672231008	0.562838912	3.370785475
0.672242574	0.559634805	3.372714043
0.672254164	0.566284597	3.368712425
0.672265753	0.563953102	3.370115042
0.672277319	0.558703423	3.373274803
0.672288885	0.556941092	3.374336004
0.672300451	0.554809153	3.375620127
0.672312041	0.558212042	3.373570681
0.672323607	0.5610044	3.371889591
0.672335174	0.552283704	3.377141714
0.672346763	0.543675065	3.382332087
0.672358329	0.54666388	3.380529404
0.672369896	0.550360262	3.378300905
0.672381485	0.545899689	3.380990267
0.672393051	0.541446388	3.383676767
0.672404617	0.526989639	3.392408609
0.672416207	0.53154552	3.389655113
0.672427773	0.531617761	3.389611483
0.672439362	0.527595043	3.392042637
0.672450929	0.533476174	3.38848877
0.672462495	0.535655558	3.387172461
0.672474084	0.53575033	3.38711524
0.672485651	0.527936995	3.391835928
0.672497217	0.531179369	3.389876366
0.672508783	0.527508676	3.392094851
0.672520373	0.524951398	3.393640995
0.672531939	0.524794102	3.393736124
0.672543528	0.525855899	3.393094063
0.672555094	0.522126615	3.395349503
0.672566684	0.523870051	3.394294977
0.67257825	0.519496739	3.396940708
0.672589816	0.523068249	3.394779921
0.672601383	0.529678881	3.390783072
0.672612972	0.535644531	3.387179136
0.672624538	0.532301605	3.389198303
0.672636104	0.529542804	3.390865326
0.672647694	0.528448165	3.391526938
0.67265926	0.534310162	3.387984991
0.672670826	0.533344686	3.388568163
0.672682393	0.528095543	3.391740084
0.672693982	0.526817679	3.39251256
0.672705548	0.521087825	3.395977974
0.672717137	0.517320275	3.398257971
0.672728704	0.514841974	3.399758339
0.67274027	0.510728359	3.402249813
0.672751836	0.513095856	3.400815725
0.672763425	0.515477538	3.399373531
0.672774992	0.515921712	3.399104595
0.672786581	0.51564014	3.399275065
0.672798148	0.505199492	3.405600548
0.672809714	0.509682417	3.40288353
0.672821303	0.510493398	3.402392149
0.672832869	0.507143617	3.404422045
0.672844436	0.508877337	3.403371334
0.672856025	0.506539404	3.404788256
0.672867591	0.501901865	3.407600164
0.672879158	0.500944316	3.408180952
0.672890724	0.506778956	3.404643059
0.672902313	0.504418075	3.406074286
0.672913903	0.496774435	3.41071105
0.672925469	0.496367067	3.41095829
0.672937035	0.499712616	3.408928156
0.672948624	0.498945147	3.409393787
0.672960191	0.495210707	3.411660194
0.672971757	0.494680882	3.411981821
0.672983346	0.491750091	3.413761377
0.672994889	0.490574002	3.414475679
0.673006479	0.492590666	3.413250923
0.673018045	0.490093172	3.414767742
0.673029611	0.487561554	3.41630578
0.673041201	0.481526852	3.419974089
0.67305279	0.484686405	3.41805315
0.673064333	0.485022157	3.417849064
0.673075923	0.485723525	3.417422772
0.673087512	0.480955631	3.420321465
0.673099055	0.480298996	3.420720816
0.673110645	0.481722504	3.419855118
0.673122234	0.481881678	3.41975832
0.6731338	0.478231847	3.421978235
0.673145366	0.480297029	3.420722008
0.673156933	0.476171881	3.423231602
0.673168499	0.4749147	3.423996687
0.673180089	0.477013916	3.42271924
0.673191654	0.481646448	3.419901371
0.673203221	0.480641633	3.420512438
0.67321481	0.480722785	3.420463085
0.673226376	0.481217533	3.420162201
0.673237966	0.479092896	3.42145443
0.673249532	0.477414757	3.422475338
0.673261098	0.477008015	3.422722817
0.673272676	0.474569976	3.424206495
0.673284265	0.475242585	3.423797131
0.673295832	0.472220808	3.42563653
0.673307398	0.473201066	3.425039768
0.673318964	0.471764624	3.425914288
0.673330554	0.466142058	3.429338932
