Day fraction since midnight on	pH probe (pH)	pH probe (pH)	Source pressure (Pa)
0.638346303	6.234125137	6.384736061	0
0.638357881	6.236394882	6.387007237	0
0.638369445	6.237947464	6.388560295	0
0.638381018	6.239039421	6.389652729	0
0.638392596	6.240703106	6.391317368	0
0.638404166	6.241684437	6.392299175	0
0.638415752	6.243236065	6.393851757	0
0.638427314	6.244943142	6.395559311	0
0.638438895	6.245079517	6.395696163	0
0.638450469	6.232093334	6.382703304	0
0.638462039	6.225901127	6.376508236	0
0.638473618	6.222575188	6.373180389	0
0.638485192	6.22250557	6.373110771	0
0.638496766	6.223626137	6.374232292	0
0.638508337	6.223989964	6.374596119	0
0.638519916	6.226882458	6.377490044	0
0.638531481	6.228204727	6.37881279	0
0.638543058	6.229381561	6.379990578	0
0.63855464	6.230329514	6.38093853	0
0.638566204	6.231797695	6.382407665	0
0.638577797	6.232793808	6.383403778	0
0.638589365	6.232945442	6.383555889	0
0.638600934	6.235439301	6.386050701	0
0.638612514	6.238204479	6.388817787	0
time zero			
0.638624077	6.242554665	6.393169403	0
0.63863565	6.245625496	6.396242142	0
0.638647222	6.248526573	6.39914465	0
0.638658807	6.248922348	6.399540901	0
0.638670376	6.250915051	6.401534557	0
0.638681946	6.252112389	6.402732372	0
0.638693533	6.251894951	6.402514935	0
0.63870511	6.251059055	6.401678562	0
0.638716677	6.245386601	6.396003246	0
0.638728244	6.235456467	6.386067867	0
0.638739825	6.220266342	6.37087059	0
0.638751394	6.187185288	6.3377738	0
0.638762966	6.15828085	6.308855057	0
0.638774538	6.147292614	6.297861576	0
0.638786111	6.14913559	6.299705029	0
0.638797687	6.161862373	6.312438011	0
0.638809262	6.17773819	6.328321457	0
0.638820833	6.191655636	6.342246056	0
0.63883241	6.207394123	6.357992172	0
0.638843992	6.221196652	6.371801376	0
0.638855559	6.227590561	6.378198147	0
0.638867133	6.232163429	6.382773399	0
0.638878708	6.238066673	6.388679504	0
0.638890284	6.245648384	6.39626503	0
0.638901859	6.252678871	6.403298855	0
0.63891344	6.259185314	6.409808159	0
0.638925002	6.266390801	6.417017937	0
0.638936577	6.275838375	6.426469803	0
0.638948166	6.281869412	6.4325037	0
0.638959733	6.283402443	6.434037685	0
0.638971299	6.303894997	6.454540253	0
0.638982883	6.314919949	6.46557045	0
0.638994451	6.315719605	6.466370583	0
0.639006018	6.31343317	6.464082718	0
0.639017607	6.310250282	6.460898399	0
0.639029173	6.302052498	6.4526968	0
0.639040747	6.279801369	6.430434704	0
0.639052324	6.254281521	6.404902458	0
0.63906389	6.23335743	6.383968353	0
0.639075467	6.228657723	6.379266262	0
0.639087057	6.225877285	6.376484394	0
0.639098629	6.219284058	6.369887829	0
0.639110185	6.205272198	6.355868816	0
0.639121769	6.199381352	6.349975109	0
0.639133341	6.195188046	6.345779896	0
0.639144923	6.189835072	6.340424061	0
0.639156483	6.187150002	6.337738514	0
0.63916806	6.191110134	6.341700077	0
0.639179635	6.198347092	6.348940849	0
0.639191207	6.204836369	6.355433464	0
0.639202784	6.203941822	6.354537964	0
0.639214353	6.196962357	6.347555637	0
0.639225938	6.202431202	6.353026867	0
0.639237502	6.207661152	6.358259201	0
0.639249087	6.207790375	6.358388424	0
0.639260648	6.205849648	6.356446743	0
0.639272224	6.216389179	6.36699152	0
0.639283799	6.228123665	6.378731728	0
0.639295373	6.240272522	6.390886307	0
0.639306948	6.256090641	6.406712532	0
0.639318538	6.267791271	6.418418884	0
0.639330096	6.273523331	6.424153328	0
0.63934167	6.281955719	6.432590008	0
0.63935324	6.295670986	6.446311951	0
0.639364814	6.305755138	6.456400871	0
0.639376391	6.30873394	6.45938158	0
0.639387968	6.309905529	6.460553646	0
0.63939954	6.307938576	6.458585739	0
0.639411119	6.31054306	6.461191654	0
0.639422705	6.313007355	6.463656902	0
0.639434258	6.31413269	6.464782715	0
0.63944584	6.314695835	6.465346336	0
0.639457419	6.315367699	6.466018677	0
0.639468995	6.315591812	6.46624279	0
0.639480572	6.316074371	6.466725349	0
0.639492134	6.316299439	6.466950893	0
0.639503703	6.317050457	6.467701912	0
0.639515294	6.31759119	6.468242645	0
0.639526864	6.318313599	6.46896553	0
0.639538439	6.319038391	6.469691277	0
0.639550003	6.319520474	6.470172882	0
0.639561592	6.319983482	6.470636368	0
0.63957315	6.320736408	6.471389771	0
0.639584726	6.321813107	6.472466946	0
0.639596317	6.321330547	6.47198391	0
0.63960787	6.321477413	6.472131252	0
0.639619458	6.321623325	6.472277165	0
0.639631019	6.321606636	6.472260475	0
0.6396426	6.321933746	6.472587585	0
0.63965417	6.319507599	6.470160484	0
0.639665746	6.318226814	6.468879223	0
0.639677321	6.318831921	6.469484329	0
0.639688893	6.321350575	6.472003937	0
0.639700471	6.323897839	6.474552631	0
0.63971204	6.327936649	6.47859335	0
0.639723626	6.333376408	6.484035969	0
0.639735202	6.339320183	6.489982605	0
0.639746763	6.345835209	6.496500969	0
0.639758351	6.35167551	6.502343655	0
0.63976991	6.355953693	6.506624222	0
0.639781486	6.358842373	6.509514332	0
0.639793057	6.361124039	6.511796951	0
0.639804637	6.362772942	6.513446808	0
0.639816207	6.365184784	6.515859604	0
0.639827785	6.3694067	6.520083904	0
0.639839353	6.376497269	6.527177811	0
0.639850927	6.379858971	6.530540943	0
0.639862508	6.380745411	6.53142786	0
0.639874077	6.380506992	6.531189919	0
0.639885648	6.381342888	6.532025814	0
0.639897225	6.379883766	6.530566216	0
0.639908799	6.373542309	6.524221897	0
0.639920386	6.370578766	6.521256447	0
0.639931963	6.364392281	6.515067101	0
0.639943522	6.363904953	6.514579296	0
0.639955106	6.363720417	6.51439476	0
0.639966681	6.363737583	6.514411926	0
0.639978246	6.362625599	6.513298988	0
0.639989818	6.361942768	6.512616158	0
0.640001391	6.360526562	6.511199474	0
0.640012981	6.360426426	6.511098862	0
0.640024554	6.359230042	6.509902	0
0.640036111	6.358581543	6.509253025	0
0.640047702	6.358654022	6.509325981	0
0.640059268	6.358103752	6.508775234	0
0.640070851	6.359001637	6.509673595	0
0.640082409	6.359929562	6.510601997	0
0.640093996	6.359257221	6.509929657	0
0.640105572	6.357155323	6.507826328	0
0.640117143	6.355185986	6.505856037	0
0.64012872	6.354602814	6.505272865	0
0.640140282	6.353752613	6.504422188	0
0.640151853	6.353411675	6.504080772	0
0.640163424	6.353462696	6.504131794	0
0.640175011	6.354329109	6.504998684	0
0.640186592	6.354363442	6.505033493	0
0.640198153	6.356397629	6.507068157	0
0.640209725	6.357728481	6.508399963	0
0.6402213	6.358551025	6.509222508	0
0.640232869	6.359434605	6.51010704	0
0.640244444	6.361283302	6.511956215	0
0.640256036	6.362532139	6.513206005	0
0.640267607	6.364809513	6.515484333	0
0.640279173	6.369416237	6.520093441	0
0.640290755	6.376162052	6.526842117	0
0.640302328	6.381537437	6.532220841	0
0.64031389	6.385455132	6.536140442	0
0.640325466	6.389309406	6.539996147	0
0.64033704	6.391670227	6.542357922	0
0.640348612	6.392775059	6.543463707	0
0.640360189	6.393565655	6.54425478	0
0.640371763	6.391239643	6.541927338	0
0.640383331	6.389243126	6.539930344	0
0.64039491	6.386207581	6.536892891	0
0.640406489	6.384915352	6.535600185	0
0.640418059	6.384463787	6.535148144	0
0.640429637	6.383760929	6.534444809	0
0.640441207	6.381223679	6.531906605	0
0.640452781	6.375780582	6.526461124	0
0.640464356	6.372353554	6.523032188	0
0.640475945	6.369906426	6.520584106	0
0.64048751	6.366873741	6.517549515	0
0.64049908	6.363222599	6.513896465	0
0.640510647	6.362881661	6.513555527	0
0.640522224	6.362324715	6.512998104	0
0.640533796	6.360537052	6.511209965	0
0.640545388	6.35973978	6.510412216	0
0.640556947	6.359519959	6.510192394	0
0.640568524	6.358947277	6.509619236	0
0.6405801	6.358120441	6.508791924	0
0.640591674	6.357336044	6.50800705	0
0.640603255	6.355242252	6.505912304	0
0.640614814	6.349896431	6.500564098	0
0.640626403	6.345902443	6.496568203	0
0.640637979	6.345403194	6.496068478	0
0.640649539	6.348619938	6.499286652	0
0.640661129	6.351089478	6.501757622	0
0.640672684	6.351807594	6.502476215	0
0.640684262	6.352175236	6.502843857	0
0.640695838	6.351020336	6.50168848	0
0.640707411	6.349370003	6.500037193	0
0.640718995	6.346040726	6.496706486	0
0.640730568	6.342133045	6.492796898	0
0.640742131	6.334693432	6.48535347	0
0.640753715	6.329084396	6.47974205	0
0.640765277	6.323811531	6.474466324	0
0.640776854	6.320244789	6.470897675	0
0.640788433	6.318504334	6.469156742	0
0.640800011	6.318073273	6.468725681	0
0.640811593	6.318331718	6.468984127	0
0.640823162	6.31836462	6.469016552	0
0.640834723	6.318757057	6.469409466	0
0.640846297	6.319107533	6.469759941	0
0.640857881	6.319297314	6.469949722	0
0.640869448	6.318279266	6.468931198	0
0.640881026	6.317588329	6.468239784	0
0.640892591	6.317187309	6.467838764	0
0.640904176	6.316608429	6.467259884	0
0.640915753	6.316022873	6.466673851	0
0.640927315	6.315531731	6.466182709	0
0.640938891	6.315299034	6.465949535	0
0.640950466	6.315247059	6.465898037	0
0.640962056	6.314558029	6.46520853	0
0.640973623	6.314764023	6.465414524	0
0.640985191	6.31525898	6.465909481	0
0.640996763	6.315634251	6.466285229	0
0.641008336	6.3159585	6.466609478	0
0.641019909	6.316419125	6.467070103	0
0.641031485	6.316419125	6.467070103	0
0.641043061	6.316281319	6.466932297	0
0.641054628	6.315988064	6.466639042	0
0.641066214	6.31555748	6.466208458	0
0.64107778	6.314558983	6.465209484	0
0.641089354	6.31322813	6.463878155	0
0.641100931	6.310525894	6.461174488	0
0.641112509	6.308544636	6.459191799	0
0.641124073	6.305550575	6.456196308	0
0.641135648	6.29998064	6.450623512	0
0.641147228	6.291588306	6.442227364	0
0.641158811	6.281852245	6.432486534	0
0.641170389	6.275780201	6.426411629	0
0.641181956	6.273711205	6.424341679	0
0.64119352	6.272670269	6.423300266	0
0.641205092	6.270708084	6.421336651	0
0.641216686	6.266860962	6.417488098	0
0.641228241	6.262910366	6.413535595	0
0.641239822	6.255746365	6.406367779	0
0.641251387	6.247997284	6.39861536	0
0.641262974	6.241392136	6.392006874	0
0.641274538	6.240421295	6.391035557	0
0.641286109	6.240908623	6.391522884	0
0.641297686	6.239151955	6.389765739	0
0.641309267	6.2379632	6.388576031	0
0.641320843	6.239096642	6.38970995	0
0.641332411	6.242281437	6.392896652	0
0.64134398	6.244823456	6.395439625	0
0.641355576	6.241667748	6.392282486	0
0.641367149	6.237332821	6.387945652	0
0.641378709	6.23366499	6.384275913	0
0.64139029	6.230657101	6.381266594	0
0.64140187	6.229539394	6.380148411	0
0.641413438	6.229125977	6.379734516	0
0.641425008	6.229160309	6.379768848	0
0.641436578	6.229586601	6.380195618	0
0.641448152	6.22977829	6.380386829	0
0.641459739	6.230071068	6.380680084	0
0.641471301	6.23103714	6.381646633	0
0.641482885	6.233138084	6.383749008	0
0.641494449	6.236719132	6.387331486	0
0.641506022	6.238203049	6.388816357	0
0.641517605	6.240617275	6.391231537	0
0.641529167	6.242622852	6.393238068	0
0.641540745	6.243528843	6.394144535	0
0.641552324	6.246079445	6.396696091	0
0.641563892	6.247570992	6.398188591	0
0.641575478	6.247154713	6.397771835	0
0.641587043	6.246017933	6.396635056	0
0.64159863	6.245527744	6.39614439	0
0.641610188	6.242708206	6.393323422	0
0.641621773	6.242856979	6.393472195	0
0.641633352	6.241667748	6.392282486	0
0.641644922	6.242605686	6.393220902	0
0.641656481	6.242383957	6.392999172	0
0.641668059	6.241151333	6.391765595	0
0.641679634	6.239979267	6.390593052	0
0.641691216	6.238033772	6.388646603	0
0.641702794	6.237876892	6.3884902	0
0.641714364	6.236582279	6.387194634	0
0.641725928	6.235183239	6.38579464	0
0.641737516	6.23351717	6.384128094	0
0.641749072	6.232640743	6.38325119	0
0.64176065	6.231777191	6.382386684	0
0.641772226	6.230432987	6.381042004	0
0.6417838	6.230166435	6.380775452	0
0.641795371	6.229722977	6.380331993	0
0.641806942	6.228571892	6.379179955	0
0.641818536	6.226986408	6.377593994	0
0.641830104	6.22380209	6.374408245	0
0.64184167	6.22300005	6.373605728	0
0.641853239	6.222147465	6.372752667	0
0.641864812	6.221311092	6.371915817	0
0.64187639	6.218611717	6.369215012	0
0.641887967	6.214648724	6.365250111	0
0.641899551	6.209685803	6.360284805	0
0.641911115	6.202730179	6.353325844	0
0.641922703	6.198466301	6.349059582	0
0.641934263	6.193822861	6.344414234	0
0.641945848	6.190644741	6.341234684	0
0.641957418	6.187850952	6.338439465	0
0.64196899	6.184506893	6.335093498	0
0.641980561	6.182100773	6.332686424	0
0.641992139	6.178514004	6.329097748	0
0.642003721	6.172930718	6.323512077	0
0.642015283	6.165574074	6.316151619	0
0.64202687	6.158524513	6.309098721	0
0.642038424	6.155732155	6.306304932	0
0.642050004	6.152183056	6.302753925	0
0.642061576	6.148862362	6.299431801	0
0.642073163	6.146410942	6.296978951	0
0.642084724	6.14531374	6.295881271	0
0.642096297	6.144135952	6.294703484	0
0.642107872	6.142895222	6.2934618	0
0.642119459	6.142722607	6.293289185	0
0.642131035	6.142464161	6.293030262	0
0.642142596	6.142548561	6.293114662	0
0.642154168	6.142465115	6.293031216	0
0.642165738	6.14249754	6.293063641	0
0.642177317	6.142446995	6.293013096	0
0.642188894	6.142532826	6.293099403	0
0.64220046	6.142480373	6.293046475	0
0.642212043	6.142481327	6.293047428	0
0.642223608	6.142343998	6.292910099	0
0.642235191	6.14191246	6.292478561	0
0.642246765	6.141456604	6.292022228	0
0.64225834	6.139793396	6.290358067	0
0.642269918	6.135864735	6.286427975	0
0.642281498	6.130833626	6.281394005	0
0.642293054	6.126236916	6.276795387	0
0.642304643	6.121803761	6.272359848	0
0.642316209	6.119190216	6.26974535	0
0.642327792	6.115509987	6.266063213	0
0.642339352	6.109754562	6.260304928	0
0.642350931	6.105381966	6.255929947	0
0.642362501	6.104942799	6.25549078	0
0.64237409	6.105623245	6.256171703	0
0.642385652	6.108764648	6.259314537	0
0.642397229	6.112515926	6.263067722	0
0.642408795	6.116136074	6.266689301	0
0.642420374	6.115824699	6.266377926	0
0.642431942	6.115300179	6.265852928	0
time five			
0.642443535	6.115715504	6.26626873	0
0.642455093	6.113491058	6.264043331	0
0.642466682	6.112447262	6.262998581	0
0.642478237	6.109174728	6.259724617	0
0.642489815	6.10853529	6.259085178	0
0.642501393	6.112033367	6.262585163	0
0.642512964	6.115743637	6.266296864	0
0.642524536	6.115828991	6.266382217	0
0.642536126	6.11694479	6.267498493	0
0.642547703	6.119253635	6.269808769	0
0.642559258	6.123223782	6.273780823	0
0.642570831	6.125691414	6.276249409	0
0.642582408	6.128110886	6.278669834	0
0.642593997	6.130316734	6.280877113	0
0.642605558	6.132004261	6.282565594	0
0.642617133	6.133228302	6.283790112	0
0.642628707	6.133284092	6.283845902	0
0.64264028	6.132311821	6.282873154	0
0.642651854	6.130571365	6.281131744	0
0.642663425	6.127960682	6.278520107	0
0.64267501	6.125612259	6.276170254	0
0.64268658	6.128967285	6.279526711	0
0.642698144	6.135297775	6.285860539	0
0.642709737	6.137553692	6.288117886	0
0.642721302	6.13797617	6.288540363	0
0.642732871	6.136708736	6.287272453	0
0.642744459	6.136295795	6.286859036	0
0.642756021	6.139784813	6.29034996	0
0.64276761	6.141860962	6.292427063	0
0.642779169	6.142377853	6.292944431	0
0.642790743	6.142685413	6.293251514	0
0.642802318	6.143377781	6.293944359	0
0.642813906	6.14510107	6.295668602	0
0.642825467	6.14843607	6.299005032	0
0.642837037	6.153776646	6.304348469	0
0.642848617	6.159365177	6.309939385	0
0.64286019	6.164867401	6.31544447	0
0.642871763	6.168911457	6.319490433	0
0.642883333	6.171675682	6.322256088	0
0.642894922	6.173757553	6.32433939	0
0.642906478	6.173927784	6.324509621	0
0.642918055	6.173551083	6.324132443	0
0.642929633	6.173447609	6.324028969	0
0.642941205	6.174354553	6.32493639	0
0.642952779	6.17544651	6.326028824	0
0.642964369	6.174275875	6.324857712	0
0.642975943	6.171328068	6.321908474	0
0.642987501	6.169747353	6.320327282	0
0.642999078	6.170414448	6.320994377	0
0.64301065	6.170566559	6.321146488	0
0.643022223	6.169951916	6.320531845	0
0.643033803	6.170362949	6.320942879	0
0.643045375	6.171317101	6.321897507	0
0.643056943	6.172187328	6.322768211	0
0.643068529	6.173688412	6.324270248	0
0.64308009	6.173893452	6.324475288	0
0.643091676	6.171431541	6.322011948	0
0.643103242	6.170566082	6.321146488	0
0.643114829	6.170414448	6.320994377	0
0.64312639	6.166181088	6.31675911	0
0.643137967	6.164075851	6.31465292	0
0.643149545	6.159265995	6.309840202	0
0.643161111	6.156131268	6.306704044	0
0.643172681	6.154919624	6.305491924	0
0.643184276	6.155233383	6.305805683	0
0.643195835	6.155022144	6.305594444	0
0.643207411	6.155664444	6.306237221	0
0.643218981	6.152889252	6.303460598	0
0.643230561	6.150856495	6.301426888	0
0.643242127	6.149289131	6.29985857	0
0.643253721	6.146886349	6.297454834	0
0.643265278	6.145620346	6.296188355	0
0.643276853	6.144464016	6.295031071	0
0.643288426	6.143606186	6.294173241	0
0.643300013	6.143343449	6.293910027	0
0.643311574	6.142889977	6.293456554	0
0.643323145	6.142633915	6.293200493	0
0.643334719	6.142207146	6.292773247	0
0.643346308	6.142085075	6.292651177	0
0.643357873	6.141934395	6.292500019	0
0.643369456	6.141994953	6.292561054	0
0.643381024	6.142309666	6.292875767	0
0.643392596	6.142326832	6.292892933	0
0.643404183	6.142240048	6.292806149	0
0.643415742	6.141883373	6.292448998	0
0.643427321	6.141499043	6.292065144	0
0.643438892	6.140859604	6.291425228	0
0.643450465	6.140723229	6.291288376	0
0.64346204	6.139948845	6.290513992	0
0.643473609	6.140450001	6.291015625	0
0.643485187	6.140327931	6.290893078	0
0.643496759	6.140211105	6.29077673	0
0.643508337	6.140603542	6.29116869	0
0.643519912	6.140258789	6.290823937	0
0.643531483	6.139784813	6.290349484	0
0.643543056	6.139238834	6.289803505	0
0.643554627	6.138147354	6.288711548	0
0.64356621	6.138208389	6.288772583	0
0.643577789	6.137191773	6.287755489	0
0.643589367	6.137502194	6.28806591	0
0.643600925	6.137504578	6.288068771	0
0.643612504	6.137140274	6.287703514	0
0.643624085	6.136416435	6.286979675	0
0.643635652	6.13478756	6.285350323	0
0.643647226	6.133280277	6.283842087	0
0.643658804	6.131091595	6.281652451	0
0.643670383	6.128610611	6.279170036	0
0.643681959	6.124854088	6.275411606	0
0.643693516	6.122346878	6.272903442	0
0.643705095	6.121665955	6.272222042	0
0.643716671	6.12132597	6.271882057	0
0.64372825	6.116996288	6.267549992	0
0.643739813	6.109498501	6.260048389	0
0.643751393	6.101090908	6.251636982	0
0.64376296	6.094414711	6.244957447	0
0.643774538	6.080826759	6.23136282	0
0.643786111	6.068121433	6.218651295	0
0.64379769	6.06545639	6.215984821	0
0.643809275	6.066455841	6.216984749	0
0.643820834	6.070987701	6.22151947	0
0.643832408	6.076847553	6.227381706	0
0.64384399	6.082188129	6.232724667	0
0.643855554	6.085593224	6.236131668	0
0.643867134	6.089028835	6.239569187	0
0.643878704	6.091633797	6.242175102	0
0.643890278	6.092199802	6.242741585	0
0.643901853	6.093939781	6.244482517	0
0.643913424	6.095148563	6.245691776	0
0.643924999	6.097972393	6.24851656	0
0.643936585	6.099350452	6.24989605	0
0.643948144	6.100045204	6.250590801	0
0.643959733	6.102159977	6.252706528	0
0.643971301	6.103765488	6.254312992	0
0.64398288	6.104175568	6.254723549	0
0.64399445	6.10499382	6.255541802	0
0.644006024	6.106311321	6.256860256	0
0.644017596	6.107314587	6.257863522	0
0.644029165	6.107075691	6.257624626	0
0.644040747	6.106261253	6.256809712	0
0.644052328	6.104434013	6.254981995	0
0.644063887	6.105505943	6.256053925	0
0.644075462	6.105381966	6.255929947	0
0.644087035	6.104994297	6.255542278	0
0.64409861	6.104020596	6.2545681	0
0.644110182	6.104192257	6.254739761	0
0.644121762	6.102868557	6.253415585	0
0.644133334	6.101222992	6.251769066	0
0.644144917	6.099488258	6.250033855	0
0.644156481	6.098083019	6.248627663	0
0.644168058	6.096817017	6.247361183	0
0.644179627	6.09543848	6.245981693	0
0.644191207	6.092389107	6.242930889	0
0.644202779	6.092793942	6.243336201	0
0.644214348	6.093834877	6.244377136	0
0.644225927	6.0954566	6.245999813	0
0.644237504	6.097747326	6.248291493	0
0.644249071	6.099106789	6.249651909	0
0.644260647	6.099712849	6.250257969	0
0.644272239	6.09931612	6.24986124	0
0.644283797	6.098765373	6.249310494	0
0.644295384	6.098781586	6.249326706	0
0.64430695	6.098372936	6.248918057	0
0.644318521	6.097980976	6.24852562	0
0.644330089	6.097946644	6.248491287	0
0.644341671	6.097695828	6.248240471	0
0.644353245	6.09671402	6.247258186	0
0.644364815	6.096752644	6.247296333	0
0.644376386	6.097691059	6.248235226	0
0.644387968	6.099574566	6.250119686	0
0.644399541	6.100642681	6.251188755	0
0.644411113	6.100642681	6.251188278	0
0.644422696	6.100436211	6.250982285	0
0.644434263	6.099550247	6.250095844	0
0.644445838	6.098695755	6.249240875	0
0.644457406	6.097929478	6.248474121	0
0.644468991	6.097500801	6.248044968	0
0.644480556	6.096325874	6.246869564	0
0.644492145	6.095077038	6.245620251	0
0.644503702	6.093015671	6.24355793	0
0.644515275	5.826443195	5.976855278	0
0.64452685	6.006178856	6.156678677	0
0.644538422	6.037630081	6.188145161	0
0.644550005	6.053325176	6.203847885	0
0.644561574	6.061705589	6.21223259	0
0.644573145	6.069622517	6.220153332	0
0.644584726	6.076712608	6.227247238	0
0.644596297	6.081225872	6.231762409	0
0.644607874	6.084617615	6.235155582	0
0.64461944	6.085730076	6.23626852	0
0.644631029	6.087133408	6.237672806	0
0.64464259	6.086634636	6.237173557	0
0.644654167	6.083842754	6.234380245	0
0.644665747	6.084255695	6.234793663	0
0.64467732	6.083528519	6.234066486	0
0.644688889	6.08308506	6.233622551	0
0.644700466	6.081416607	6.231953144	0
0.644712042	6.080947399	6.231483936	0
0.644723611	5.734782219	5.885149479	0
0.644735182	5.939433098	6.089900494	0
0.644746759	5.997872829	6.148368835	0
0.644758332	6.022632122	6.173139572	0
0.644769904	6.043516636	6.194034576	0
0.644781479	6.052445889	6.202968597	0
0.644793069	6.05704689	6.207571507	0
0.64480463	6.059129238	6.209654808	0
0.644816201	6.062091827	6.212618828	0
0.644827781	6.064353943	6.214881897	0
0.644839348	6.067302704	6.217832089	0
0.644850929	6.070298672	6.220829487	0
0.644862505	6.071780205	6.222311974	0
0.64487409	6.07512331	6.225656509	0
0.644885652	6.077523232	6.228057861	0
0.644897222	6.077915669	6.228450298	0
0.644908798	6.076226234	6.226759911	0
0.644920369	6.074912548	6.225445747	0
0.644931957	6.073822022	6.224354744	0
0.644943521	6.075645447	6.2261796	0
0.644955105	6.079172611	6.229708195	0
0.644966667	6.083238602	6.233776093	0
0.644978242	6.087581635	6.238121033	0
0.644989828	6.091166019	6.241707325	0
0.645001391	6.092657566	6.243199825	0
0.645012966	6.094370365	6.244913578	0
0.645024537	6.095131397	6.24567461	0
0.645036112	6.094887734	6.24543047	0
0.645047695	6.094792843	6.245336056	0
0.645059271	6.092306614	6.242848396	0
0.645070829	6.089814186	6.240354538	0
0.645082408	6.087977886	6.238517761	0
0.645093978	6.087623596	6.238163471	0
0.645105551	6.086174011	6.236712456	0
0.645117127	6.086047649	6.236586571	0
0.645128704	6.085789681	6.236328125	0
0.64514028	6.086737156	6.237276077	0
0.645151847	6.085525036	6.23606348	0
0.645163429	6.083842754	6.234380245	0
0.645175001	6.081924915	6.232461929	0
0.645186578	6.079844475	6.230380058	0
0.645198153	6.078758717	6.2292943	0
0.645209725	6.077352524	6.227887154	0
0.645221294	6.075390339	6.225924015	0
0.645232866	6.071055889	6.221587181	0
0.645244451	6.066369534	6.216898918	0
0.645256021	6.063531399	6.214059353	0
0.6452676	6.06169939	6.212226391	0
0.64527917	6.059230328	6.209755898	0
0.645290746	6.057029247	6.207553864	0
0.645302314	6.055596829	6.206120968	0
0.645313891	6.055409432	6.205933094	0
0.645325464	6.055682659	6.206206322	0
0.645337043	6.056081772	6.206605911	0
0.645348609	6.056023598	6.206547737	0
0.64536018	6.056740284	6.207264423	0
0.645371765	6.057012558	6.207537174	0
0.645383346	6.058977127	6.209502697	0
0.645394908	6.060757637	6.211284161	0
0.645406484	6.062320232	6.212847233	0
0.645418061	6.062750816	6.213278294	0
0.645429629	6.06158638	6.212112904	0
0.6454412	6.061193943	6.211720467	0
0.645452793	6.061165333	6.211691856	0
0.645464364	6.061518192	6.212045193	0
0.64547593	6.064418793	6.214946747	0
0.645487506	6.067041397	6.217571259	0
0.645499076	6.069776535	6.22030735	0
0.645510657	6.071611881	6.22214365	0
0.645522237	6.073331356	6.223863602	0
0.6455338	6.072062969	6.222594738	0
0.645545368	6.068923473	6.219453812	0
0.64555695	6.067265511	6.217795372	0
0.645568514	6.066783428	6.217312813	0
0.645580097	6.065956116	6.216485024	0
0.645591663	6.065476894	6.216005802	0
0.645603241	6.063991547	6.214519501	0
0.645614825	6.060217857	6.210743904	0
0.645626387	6.057632446	6.208157539	0
0.645637961	6.057798386	6.208323002	0
0.645649534	6.058173657	6.20869875	0
0.645661116	6.058253288	6.208778381	0
0.645672687	6.058087826	6.208612919	0
0.64568426	6.058446407	6.208971977	0
0.645695839	6.061544418	6.212071419	0
0.645707413	6.061825275	6.212352276	0
0.645718997	6.061355114	6.211881638	0
0.645730553	6.06411171	6.214639664	0
0.645742126	6.069842339	6.220373154	0
0.645753709	6.075933456	6.226467133	0
0.645765278	6.079997063	6.230532646	0
0.645776851	6.085030079	6.235568523	0
0.645788426	6.088443279	6.238983154	0
0.645799999	6.090815067	6.241355896	0
time ten			
0.645811572	6.092623711	6.243165493	0
0.645823154	6.093681812	6.244224072	0
0.645834723	6.094295502	6.244838238	0
0.645846301	6.095146179	6.245689392	0
0.645857876	6.094537258	6.245079994	0
0.645869453	6.096300602	6.246844292	0
0.645881019	6.096650124	6.24719429	0
0.645892593	6.096973896	6.247518063	0
0.645904166	6.095848084	6.246391296	0
0.645915746	6.094525814	6.245069027	0
0.645927318	6.092435837	6.242977619	0
0.645938894	6.090890408	6.241431236	0
0.645950477	6.089374065	6.239914417	0
0.645962037	6.087385178	6.237924576	0
0.645973626	6.085824013	6.236362457	0
0.645985183	6.084842682	6.235381126	0
0.645996764	6.085875511	6.236413956	0
0.646008334	6.085746765	6.236285687	0
0.646019905	6.085627556	6.236166	0
0.646031481	6.084600449	6.235138416	0
0.646043059	6.084342003	6.234879971	0
0.646054631	6.083853245	6.234390736	0
0.646066208	6.082825661	6.233363152	0
0.646077778	6.080491543	6.231027603	0
0.646089363	6.077772617	6.228307247	0
0.646100921	6.075321674	6.225855351	0
0.646112505	6.072900295	6.223432541	0
0.646124078	6.071346283	6.221878052	0
0.646135648	6.070322514	6.220853329	0
0.646147222	6.071209431	6.2217412	0
0.6461588	6.073123932	6.223656654	0
0.646170372	6.075151444	6.225684643	0
0.646181941	6.07636261	6.226896763	0
0.646193524	6.076915264	6.227449417	0
0.646205093	6.074605465	6.225138664	0
0.646216669	6.071418285	6.221950054	0
0.646228236	6.068838596	6.219368935	0
0.646239809	6.066329956	6.216858864	0
0.64625139	6.066524506	6.21705389	0
0.646262968	6.067817688	6.218347549	0
0.646274542	6.067972183	6.218502045	0
0.64628611	6.06900835	6.219539166	0
0.646297687	6.070728779	6.221260071	0
0.64630926	6.073001385	6.223534107	0
0.646320832	6.074246883	6.224780083	0
0.646332408	6.074727058	6.225260258	0
0.646343986	6.074623585	6.225156784	0
0.646355558	6.074417591	6.22495079	0
0.646367126	6.075731278	6.226265431	0
0.646378788	6.076051712	6.226585388	0
0.646390278	6.077325821	6.227860451	0
0.646401851	6.07566309	6.226196766	0
0.646413424	6.072865009	6.223397255	0
0.646425	6.069884777	6.220415592	0
0.646436568	6.066039562	6.216568947	0
0.646448147	6.064129353	6.214657307	0
0.646459718	6.065868855	6.216397762	0
0.646471301	6.069417	6.219947338	0
0.646482871	6.072489262	6.223021507	0
0.646494441	6.074195862	6.224728584	0
0.646506014	6.074626446	6.225159645	0
0.646517607	6.075984478	6.226518154	0
0.646529182	6.07874155	6.229277134	0
0.646540748	6.079911709	6.230447292	0
0.646552319	6.079126835	6.229661942	0
0.646563891	6.07877636	6.229311943	0
0.646575465	6.077608109	6.228142738	0
0.646587039	6.078345299	6.228880405	0
0.646598607	6.081327438	6.231863976	0
0.64661018	6.083546162	6.234083653	0
0.646621761	6.084652901	6.235190868	0
0.646633328	6.084945202	6.23548317	0
0.64664491	6.084514141	6.235052109	0
0.646656486	6.082015991	6.232552528	0
0.646668053	6.08148098	6.232017517	0
0.646679625	6.081459522	6.231996059	0
0.646691204	6.081395626	6.231932163	0
0.646702783	6.081619263	6.2321558	0
0.64671436	6.080068588	6.230604649	0
0.646725923	6.079980373	6.230515957	0
0.646737502	6.079844475	6.230380535	0
0.646749077	6.080102921	6.230638981	0
0.646760648	6.079946041	6.230481625	0
0.646772218	6.0792799	6.229815483	0
0.6467838	6.078353405	6.228888512	0
0.646795371	6.07817173	6.22870636	0
0.646806946	6.07965517	6.230190754	0
0.646818529	6.080309868	6.230845928	0
0.646830104	6.083135605	6.233673096	0
0.64684167	6.084220409	6.234758377	0
0.646853234	6.085832596	6.23637104	0
0.646864822	6.088891029	6.239430904	0
0.646876391	6.088903427	6.239443779	0
0.646887957	6.089056969	6.239597321	0
0.646899548	6.089270115	6.239810467	0
0.646911117	6.090468407	6.241009235	0
0.646922691	6.090907574	6.241448879	0
0.64693426	6.091599464	6.242141247	0
0.646945834	6.091062546	6.241603851	0
0.64695741	6.089993954	6.240534782	0
0.64696898	6.088187218	6.238727093	0
0.646980571	6.086737156	6.237276077	0
0.646992125	6.085440159	6.235978603	0
0.647003699	6.084347725	6.234885693	0
0.647015279	6.082808495	6.233345509	0
0.647026852	6.081106186	6.231642246	0
0.647038427	6.080602646	6.231138706	0
0.647050003	6.079792976	6.23032856	0
0.647061569	6.07936573	6.229901314	0
0.64707315	6.078769684	6.229304791	0
0.647084724	6.078017712	6.228552342	0
0.647096295	6.076345444	6.226879597	0
0.647107866	6.076874733	6.227409363	0
0.647119451	6.07874155	6.229276657	0
0.64713102	6.08018446	6.23072052	0
0.647142594	6.079310417	6.229846001	0
0.64715416	6.077488422	6.228023052	0
0.647165736	6.07627964	6.226813793	0
0.647177312	6.075088978	6.225622177	0
0.647188893	6.075140476	6.225673676	0
0.647200465	6.076350689	6.226884842	0
0.647212036	6.078171253	6.22870636	0
0.647223607	6.079894543	6.230430603	0
0.647235184	6.080947399	6.231483936	0
0.647246754	6.081583977	6.232120514	0
0.647258339	6.081326485	6.231863022	0
0.647269905	6.080935478	6.231471539	0
0.647281485	6.078517914	6.229053021	0
0.647293055	6.076618671	6.227152824	0
0.647304635	6.075536728	6.226070404	0
0.647316199	6.071090221	6.221621513	0
0.64732778	6.066871166	6.217400551	0
0.647339358	6.065541744	6.216070652	0
0.647350923	6.06511879	6.215647221	0
0.647362494	6.065899849	6.216428757	0
0.64737407	6.06717968	6.217709065	0
0.647385648	6.068006516	6.218536377	0
0.647397217	6.067063808	6.217593193	0
0.647408804	6.066490173	6.217019558	0
0.647420373	6.065442562	6.21597147	0
0.647431954	6.065404415	6.215932846	0
0.647443514	6.066790581	6.217319965	0
0.6474551	6.066937923	6.217467785	0
0.64746666	6.066961289	6.217490673	0
0.647478242	6.067403317	6.217933178	0
0.647489817	6.068412304	6.218942642	0
0.647501385	6.069366932	6.219897747	0
0.647512968	6.070418835	6.220950127	0
0.647524531	6.071892262	6.22242403	0
0.647536113	6.072486877	6.223018646	0
0.647547686	6.072882175	6.223414421	0
0.647559275	6.073796272	6.224329472	0
0.64757084	6.076431274	6.226964951	0
0.647582403	6.078905106	6.229440212	0
0.647593982	6.081240177	6.231776714	0
0.647605561	6.082519531	6.233056545	0
0.64761713	6.08501339	6.235551357	0
0.647628703	6.087521553	6.238060951	0
0.647640296	6.090063095	6.240603447	0
0.647651851	6.092674732	6.243216515	0
0.64766342	6.092606068	6.243148327	0
0.647675	6.093474865	6.244017124	0
0.64768658	6.092217445	6.242759228	0
0.647698163	6.092647553	6.243189812	0
0.647709724	6.093220711	6.24376297	0
0.647721297	6.094436169	6.244979382	0
0.647732865	6.094029903	6.24457264	0
0.64774446	6.09442234	6.244965076	0
0.647756018	6.09516573	6.245708942	0
0.647767587	6.095131397	6.24567461	0
0.647779162	6.095628738	6.246171951	0
0.647790744	6.096800327	6.247344017	0
0.647802315	6.097946644	6.248491287	0
0.647813895	6.099402428	6.249947548	0
0.647825469	6.10079813	6.251344204	0
0.647837041	6.101465225	6.252011776	0
0.647848618	6.102056027	6.252603054	0
0.647860187	6.102588177	6.253134728	0
0.647871758	6.102656364	6.253203392	0
0.64788334	6.102801323	6.253348351	0
0.647894912	6.102758884	6.253305912	0
0.647906482	6.102332115	6.252878666	0
0.647918062	6.101797581	6.252344132	0
0.647929629	6.101478577	6.252025127	0
0.647941204	6.100970745	6.251516819	0
0.647952777	6.100915909	6.251461983	0
0.647964356	6.099453926	6.249999523	0
0.647975927	6.098782539	6.24932766	0
0.647987502	6.097334385	6.247878552	0
0.647999076	6.095751286	6.246294975	0
0.648010651	6.095026016	6.245569229	0
0.648022221	6.093237877	6.243780136	0
0.648033796	6.09149313	6.242034435	0
0.648045368	6.089774609	6.240315437	0
0.648056946	6.088908672	6.239448547	0
0.648068517	6.087299824	6.237839222	0
0.64808009	6.086190701	6.236729622	0
0.64809167	6.085720539	6.23625946	0
0.648103241	6.083699703	6.234237194	0
0.648114809	6.082948685	6.233486176	0
0.648126386	6.081673622	6.232210159	0
0.648137968	6.080568314	6.231104374	0
0.648149532	6.081532478	6.232069016	0
0.648161114	6.081171513	6.231707573	0
0.648172683	6.082231998	6.232769013	0
0.648184265	6.082670689	6.233207703	0
0.648195842	6.083118439	6.23365593	0
0.648207404	6.082675934	6.233212948	0
0.648218974	6.082777977	6.233314991	0
0.648230553	6.080568314	6.231104374	0
0.648242128	6.078070164	6.22860527	0
0.648253704	6.075662136	6.226195812	0
0.648265278	6.073359489	6.223892212	0
0.648276849	6.072898865	6.22343111	0
0.648288438	6.072944641	6.223477364	0
0.648300005	6.07093668	6.221467972	0
0.648311569	6.069384098	6.219914436	0
0.648323146	6.06786871	6.218398571	0
0.648334728	6.066696644	6.217226028	0
0.648346289	6.063992024	6.214519978	0
0.648357874	6.060808659	6.211335182	0
0.648369439	6.058736324	6.209261894	0
0.648381013	6.057610512	6.208135128	0
0.648392594	6.05625391	6.20677805	0
0.648404166	6.056381702	6.206906319	0
0.64841574	6.056823254	6.20734787	0
0.648427309	6.057337761	6.207862377	0
0.648438897	6.057805061	6.208330154	0
0.648450464	6.058190823	6.208715916	0
0.648462035	6.058720112	6.209245205	0
0.648473609	6.058742046	6.209267616	0
0.648485185	6.0585289	6.20905447	0
0.648496757	6.057969093	6.208494186	0
0.648508334	6.05844307	6.208968163	0
0.648519909	6.05796051	6.208485603	0
0.648531493	6.058598042	6.209123135	0
0.648543055	6.058037281	6.208562374	0
0.648554632	6.057132721	6.207657337	0
0.648566216	6.056305885	6.206830025	0
0.648577772	6.056450367	6.206974506	0
0.648589349	6.057184219	6.207708836	0
0.64860093	6.056754112	6.207278729	0
0.648612506	6.057253361	6.207778454	0
0.648624074	6.057369709	6.207894325	0
0.648635641	6.057218075	6.207742691	0
0.648647223	6.056702137	6.207226753	0
0.648658801	6.055754662	6.206278324	0
0.648670377	6.054479122	6.205002785	0
0.648681944	6.052099228	6.20262146	0
0.648693532	6.049396038	6.19991684	0
0.648705089	6.046969891	6.197489262	0
0.648716666	6.045346737	6.195865631	0
0.648728246	6.044209003	6.194727421	0
0.648739814	6.042543888	6.193061829	0
0.648751383	6.039916515	6.190432549	0
0.648762962	6.036489487	6.187004089	0
0.648774534	6.030310154	6.180821419	0
0.648786112	6.02332449	6.173832417	0
0.648797684	6.016813755	6.167318344	0
0.648809257	6.013707638	6.164211273	0
0.648820831	6.012322903	6.162825584	0
0.648832409	6.012002945	6.162505627	0
0.648843979	6.011780262	6.162282467	0
0.648855551	6.012223244	6.162726402	0
0.648867125	6.012330532	6.162833214	0
0.648878711	6.012141228	6.16264391	0
0.648890278	6.012291908	6.16279459	0
0.648901865	6.012244701	6.162747383	0
0.64891344	6.012003422	6.162506104	0
0.648924992	6.011199951	6.161702156	0
0.648936568	6.010440826	6.160942555	0
0.648948149	6.010073662	6.16057539	0
0.648959726	6.009401321	6.159902573	0
0.648971294	6.008947849	6.159448624	0
0.648982867	6.008008957	6.158509731	0
0.648994443	6.008212566	6.158712864	0
0.649006017	6.008470058	6.158970833	0
0.64901759	6.009408474	6.159909725	0
0.649029165	6.009625435	6.160127163	0
0.649040739	6.009169579	6.159670353	0
0.649052307	6.009459019	6.15996027	0
0.649063888	6.009504795	6.160006046	0
0.649075466	6.008471489	6.158972263	0
0.64908705	6.007644177	6.158144474	0
0.649098606	6.006678581	6.157178402	0
0.649110183	6.005472183	6.155972004	0
0.649121752	6.004067421	6.154566288	0
0.64913334	6.002387524	6.152885437	0
0.649144905	5.997020245	6.147515774	0
0.649156483	5.992445469	6.142938137	0
0.64916806	5.990084171	6.140576363	0
0.649179625	5.991918564	6.142411232	0
0.6491912	5.991342545	6.141834736	0
timefifteen			
0.64920279	5.989274502	6.139765739	0
0.649214349	5.98801136	6.138502121	0
0.649225919	5.98700428	6.137494564	0
0.649237497	5.984656334	6.135145187	0
0.64924907	5.983113766	6.133602619	0
0.649260642	5.980418205	6.130905628	0
0.64927222	5.975747585	6.126232147	0
0.649283796	5.974477291	6.124961376	0
0.649295367	5.974617004	6.125101566	0
0.649306942	5.977263451	6.127749443	0
0.649318521	5.981468201	6.131956101	0
0.649330105	5.986086369	6.136576653	0
0.649341663	5.986662865	6.137153149	0
0.649353232	5.987652779	6.138143539	0
0.649364807	5.987947464	6.138438225	0
0.649376387	5.989498138	6.139989853	0
0.649387957	5.989222527	6.139714241	0
0.649399529	5.990023136	6.140514851	0
0.649411108	5.988257885	6.138749123	0
0.649422678	5.985988617	6.136478424	0
0.649434257	5.982726097	6.133214474	0
0.64944583	5.979803562	6.130290508	0
0.649457401	5.978063583	6.128549576	0
0.649468977	5.977729321	6.128214836	0
0.649480551	5.978366852	6.128852844	0
0.649492132	5.979279995	6.129766464	0
0.6495037	5.979633331	6.130120277	0
0.649515277	5.978337288	6.128823757	0
0.649526844	5.976613045	6.12709856	0
0.649538439	5.976505756	6.126990795	0
0.649550002	5.977585793	6.128071785	0
0.649561581	5.979228497	6.129714966	0
0.649573151	5.982653618	6.133141995	0
0.649584714	5.989120483	6.139612198	0
0.649596288	5.994307041	6.14480114	0
0.649607875	5.997890472	6.148386002	0
0.649619445	5.999426365	6.149922848	0
0.64963101	6.001522541	6.152020454	0
0.649642589	6.002129078	6.152626991	0
0.649654165	6.001784802	6.152282238	0
0.649665743	6.00150919	6.152006626	0
0.649677315	6.001644611	6.152142048	0
0.649688898	6.001060963	6.151558399	0
0.64970046	5.999869824	6.150366306	0
0.649712046	6.000199795	6.150696278	0
0.649723604	5.999256134	6.14975214	0
0.649735185	5.999768257	6.150265217	0
0.649746763	6.000219345	6.150716305	0
0.649758329	6.001573086	6.152070522	0
0.649769903	6.001473904	6.15197134	0
0.649781476	6.001200676	6.151697636	0
0.649793047	6.001440048	6.151937485	0
0.649804639	6.00159502	6.152092457	0
0.649816212	6.003214359	6.15371275	0
0.649827778	6.004340649	6.154839516	0
0.649839348	6.005075455	6.155574799	0
0.649850922	6.00498867	6.155487537	0
0.649862499	6.005851746	6.15635109	0
0.649874082	6.005851746	6.15635109	0
0.649885643	6.0052104	6.155709744	0
0.649897219	6.005558491	6.156057835	0
0.649908793	6.00503397	6.155533314	0
0.649920367	6.005927563	6.156426907	0
0.64993194	6.006353855	6.156853676	0
0.649943519	6.006041527	6.156541348	0
0.649955089	6.00621748	6.1567173	0
0.649966676	6.005386353	6.155885696	0
0.649978237	6.004289627	6.154788494	0
0.649989811	6.00411129	6.15460968	0
0.650001388	6.003938675	6.154437542	0
0.650012956	6.003726006	6.154224873	0
0.650024537	6.00547266	6.155972004	0
0.650036103	6.004509449	6.155008316	0
0.650047677	6.00502348	6.155522347	0
0.650059255	6.005420685	6.155920029	0
0.65007084	6.005644321	6.156144142	0
0.650082408	6.005142689	6.155642033	0
0.650093986	6.005972385	6.156471729	0
0.650105557	6.00589323	6.156393051	0
0.650117124	6.006285667	6.156785488	0
0.650128712	6.006954193	6.157454491	0
0.650140286	6.007350922	6.157851219	0
0.650151856	6.007602215	6.158102989	0
0.650163418	6.007616997	6.158117294	0
0.650175	6.007126808	6.157627106	0
0.650186572	6.007446289	6.157946587	0
0.650198155	6.007247448	6.157747746	0
0.650209716	6.006165981	6.156665802	0
0.650221295	6.004128456	6.154627323	0
0.650232866	6.002667904	6.153166294	0
0.650244457	6.000526905	6.151023865	0
0.650256015	5.998573303	6.149069309	0
0.650267589	5.994694233	6.145188332	0
0.650279167	5.991462708	6.141955376	0
0.650290741	5.988188744	6.138679981	0
0.650302325	5.982881069	6.133369446	0
0.65031389	5.977935314	6.128421307	0
0.650325467	5.975730419	6.126215458	0
0.650337038	5.97325182	6.123735905	0
0.650348605	5.972637653	6.123120785	0
0.650360176	5.972808361	6.123291969	0
0.650371755	5.973714352	6.124198437	0
0.65038333	5.973245144	6.123729229	0
0.650394904	5.972876549	6.123360157	0
0.650406484	5.973627567	6.124111652	0
0.650418052	5.974036694	6.124520779	0
0.65042963	5.973800182	6.124284267	0
0.650441212	5.973403931	6.123887539	0
0.650452776	5.9731493	6.123632908	0
0.650464343	5.972126007	6.122609139	0
0.650475933	5.971904755	6.122387886	0
0.650487502	5.971340656	6.121823311	0
0.65049907	5.970614433	6.121096611	0
0.650510655	5.969819546	6.120301724	0
0.650522221	5.969088078	6.119569778	0
0.65053379	5.968524933	6.119006157	0
0.650545372	5.967734337	6.118215561	0
0.650556944	5.966700554	6.117180824	0
0.650568516	5.963338852	6.113817692	0
0.650580093	5.959222317	6.109699249	0
0.650591663	5.954807282	6.10528183	0
0.650603235	5.951608181	6.102081299	0
0.650614811	5.948245525	6.098717213	0
0.650626386	5.94469595	6.09516573	0
0.650637966	5.941938877	6.092407227	0
0.650649529	5.938716888	6.089183807	0
0.650661107	5.936102867	6.086568356	0
0.650672679	5.933171749	6.083635807	0
0.650684258	5.931749344	6.082212925	0
0.650695829	5.931328774	6.081791878	0
0.650707399	5.931055546	6.08151865	0
0.650718989	5.931461811	6.081925392	0
0.650730551	5.932113648	6.082577229	0
0.650742121	5.932471752	6.082935333	0
0.650753703	5.932719708	6.083183765	0
0.650765275	5.93204546	6.082509041	0
0.650776848	5.930339336	6.080801964	0
0.650788426	5.929447174	6.079909325	0
0.650799996	5.928683758	6.079145908	0
0.650811571	5.928255081	6.078716755	0
0.650823142	5.928256989	6.078718662	0
0.650834719	5.92958355	6.0800457	0
0.650846294	5.929773331	6.080235958	0
0.650857868	5.929468632	6.079930782	0
0.65086944	5.928888321	6.079350472	0
0.65088101	5.928172112	6.078633785	0
0.650892593	5.927205086	6.077666283	0
0.65090417	5.927156925	6.077618122	0
0.650915739	5.927079678	6.077540398	0
0.650927314	5.926894665	6.077355862	0
0.650938887	5.926652908	6.077113628	0
0.650950462	5.925947189	6.076407433	0
0.65096203	5.926243305	6.076704025	0
0.650973621	5.926050663	6.076511383	0
0.650985176	5.925406456	6.075867176	0
0.650996755	5.925292015	6.075752258	0
0.651008334	5.924964905	6.075424671	0
0.65101991	5.925033569	6.075493813	0
0.651031483	5.92489481	6.075355053	0
0.651043053	5.924792767	6.075252533	0
0.651054628	5.924551487	6.075011253	0
0.651066203	5.9240551	6.074514389	0
0.651077771	5.924127579	6.074587345	0
0.651089359	5.924086571	6.07454586	0
0.651100919	5.924314976	6.074774742	0
0.651112495	5.92377615	6.074235439	0
0.651124084	5.923569202	6.074028969	0
0.651135644	5.923120976	6.073580265	0
0.65114722	5.922605038	6.07306385	0
0.651158792	5.921704769	6.072163582	0
0.651170368	5.920295715	6.070753574	0
0.651181942	5.918770313	6.069227219	0
0.651193518	5.919030666	6.069488049	0
0.65120509	5.918582916	6.069039822	0
0.651216664	5.917521477	6.067977905	0
0.651228232	5.916108608	6.06656456	0
0.651239813	5.914351463	6.064805985	0
0.65125139	5.914660931	6.065115929	0
0.651262955	5.915323734	6.065779209	0
0.651274548	5.915987968	6.066443443	0
0.651286107	5.916637898	6.067093849	0
0.651297684	5.918830872	6.069288254	0
0.651309258	5.919276238	6.06973362	0
0.65132083	5.919708729	6.070166588	0
0.651332416	5.920709133	6.071167469	0
0.651343979	5.921056747	6.071514607	0
0.65135555	5.921244144	6.07170248	0
0.651367126	5.922191143	6.072649956	0
0.651378698	5.922557831	6.07301712	0
0.651390274	5.922569752	6.073029041	0
0.651401846	5.923035622	6.073494911	0
0.651413417	5.923326016	6.073785305	0
0.651425001	5.923399925	6.073859215	0
0.651436584	5.923948765	6.074408054	0
0.651448144	5.924007893	6.074467659	0
0.651459713	5.924332142	6.074791908	0
0.651471291	5.924189568	6.074649334	0
0.651482868	5.924568653	6.07502842	0
0.651494444	5.924516678	6.074976921	0
0.651506014	5.924195766	6.074655056	0
0.651517583	5.924230099	6.074689865	0
0.651529162	5.924138069	6.074597836	0
0.651540739	5.923802376	6.074261665	0
0.651552311	5.923120976	6.073580265	0
0.651563885	5.922114849	6.072573185	0
0.651575461	5.921933174	6.07239151	0
0.651587048	5.921880722	6.072339058	0
0.651598602	5.922916889	6.073375702	0
0.651610182	5.923155785	6.073615074	0
0.651621752	5.923701286	6.074160576	0
0.651633324	5.923718453	6.074177742	0
0.651644903	5.923673153	6.074132443	0
0.651656476	5.923435688	6.073894978	0
0.651668057	5.922707558	6.073166847	0
0.651679626	5.922865391	6.07332468	0
0.651691205	5.922139645	6.072598457	0
0.651702779	5.921832085	6.072290421	0
0.651714348	5.9217906	6.072248936	0
0.651725919	5.920459747	6.070917606	0
0.651737492	5.919828415	6.070286274	0
0.651749077	5.919054985	6.069512367	0
0.651760643	5.918617249	6.069074154	0
0.651772217	5.916767597	6.067223549	0
0.651783787	5.91564846	6.066103935	0
0.651795379	5.914747238	6.065202236	0
0.65180694	5.912354946	6.062808991	0
0.65181851	5.91104126	6.06149435	0
0.65183009	5.909629822	6.060082436	0
0.651841658	5.908430576	6.058882713	0
0.651853231	5.903874874	6.054324627	0
0.651864822	5.899721146	6.050168991	0
0.65187638	5.897493362	6.047940254	0
0.65188796	5.8958354	6.046281338	0
0.651899537	5.895775318	6.046220779	0
0.65191112	5.897825718	6.04827261	0
0.651922688	5.897697926	6.048144817	0
0.651934262	5.896623135	6.047069073	0
0.651945835	5.897527218	6.04797411	0
0.65195741	5.896240234	6.046686649	0
0.651968984	5.895974636	6.046420574	0
0.651980551	5.895582199	6.04602766	0
0.651992125	5.896452427	6.046898842	0
0.652003697	5.896230698	6.046676636	0
0.652015272	5.896929741	6.047376156	0
0.652026857	5.895051479	6.045496941	0
0.652038419	5.896349907	6.046796322	0
0.652050002	5.896221161	6.046667099	0
0.652061574	5.898073196	6.048520088	0
0.652073145	5.899364948	6.049812317	0
0.652084721	5.900661469	6.051109791	0
0.652096292	5.901861191	6.05230999	0
0.652107878	5.900617123	6.051065445	0
0.652119442	5.899472714	6.049920082	0
0.652131011	5.899557591	6.050005436	0
0.652142589	5.896343708	6.046790123	0
0.652154174	5.893259049	6.043703556	0
0.65216574	5.889286041	6.039728642	0
0.652177311	5.886201859	6.036643505	0
0.652188885	5.884849548	6.035290241	0
0.65220046	5.88447094	6.034911156	0
0.652212032	5.884081364	6.03452158	0
0.65222361	5.884453774	6.03489399	0
0.652235185	5.885108471	6.035549164	0
0.652246757	5.886538506	6.036980152	0
0.652258331	5.887016773	6.037457943	0
0.652269904	5.887119293	6.03756094	0
0.652281479	5.887038708	6.037479878	0
0.652293057	5.886595726	6.037036896	0
0.652304628	5.886538982	6.036980152	0
0.6523162	5.886214256	6.036655426	0
0.652327777	5.886366367	6.036807537	0
0.652339347	5.88599062	6.036431789	0
0.652350935	5.886366367	6.036807537	0
0.652362495	5.884593487	6.035033703	0
0.652374073	5.883970738	6.034410954	0
0.652385644	5.883364677	6.033804417	0
0.652397218	5.88307476	6.0335145	0
0.652408793	5.884125233	6.034565449	0
0.652420363	5.884780884	6.035221577	0
0.652431942	5.885401249	6.035841942	0
0.652443511	5.886214733	6.036655903	0
0.652455085	5.886762619	6.037204266	0
0.652466663	5.887537956	6.03798008	0
0.652478237	5.887067318	6.037508965	0
0.652489808	5.887272358	6.037714005	0
0.652501381	5.885924339	6.036365509	0
0.652512965	5.885177136	6.035617828	0
0.652524534	5.884540558	6.034980774	0
0.652536107	5.883552074	6.033992291	0
0.652547683	5.882799625	6.033239365	0
0.652559254	5.881710053	6.032148838	0
0.652570828	5.881403446	6.031842232	0
0.652582402	5.88061142	6.031050205	0
0.652593979	5.879766941	6.030204773	0
0.652605545	5.878297329	6.028734684	0
0.652617123	5.876458168	6.026894569	0
0.652628705	5.875717163	6.026153565	0
0.652640277	5.875461102	6.025897026	0
0.652651846	5.875312328	6.025748253	0
0.652663421	5.875407219	6.025843144	0
0.652674994	5.875773907	6.026210308	0
0.652686568	5.876317978	6.026754379	0
0.652698141	5.876079559	6.026515961	0
0.652709713	5.874629021	6.025064468	0
0.652721288	5.872770786	6.02320528	0
time twenty			
0.652732869	5.871737003	6.022171021	0
0.652744438	5.869646549	6.020079613	0
0.652756014	5.866927147	6.01735878	0
0.652767593	5.864999294	6.015429974	0
0.652779156	5.863026619	6.013456345	0
0.652790735	5.860915184	6.011343956	0
0.652802311	5.857658386	6.008085728	0
0.652813879	5.854853153	6.005279064	0
0.652825458	5.852385521	6.002810001	0
0.652837038	5.850765705	6.001189709	0
0.652848604	5.848130703	5.998553276	0
0.652860184	5.846113205	5.996534824	0
0.65287175	5.843087673	5.993507862	0
0.652883324	5.841066361	5.991485596	0
0.652894909	5.839392662	5.989810944	0
0.652906477	5.837793827	5.988211632	0
0.652918047	5.835828304	5.986244679	0
0.65292962	5.834616661	5.985032558	0
0.652941194	5.834650517	5.985066891	0
0.652952779	5.833533764	5.983949184	0
0.652964351	5.832808018	5.983222961	0
0.652975923	5.831852436	5.982266903	0
0.652987494	5.831262589	5.981677055	0
0.652999067	5.828490734	5.97890377	0
0.653010652	5.825021267	5.975432873	0
0.653022217	5.820557118	5.970966339	0
0.653033799	5.81618166	5.966588497	0
0.653045365	5.81153059	5.96193552	0
0.653056937	5.81033659	5.960741043	0
0.653068511	5.811411381	5.961815834	0
0.65308009	5.813390255	5.963795662	0
0.653091661	5.814209461	5.964615345	0
0.653103231	5.813955307	5.964361191	0
0.653114809	5.81662941	5.967036724	0
0.653126393	5.818284035	5.968692303	0
0.65313796	5.81968689	5.970095635	0
0.65314954	5.821488857	5.971898079	0
0.653161109	5.822024822	5.972434521	0
0.653172688	5.821626663	5.972036362	0
0.653184261	5.820829868	5.97123909	0
0.65319583	5.820539951	5.970949173	0
0.653207404	5.819197178	5.969605446	0
0.653218983	5.819681644	5.970090389	0
0.653230553	5.820135117	5.970543861	0
0.653242127	5.819955349	5.970364094	0
0.653253699	5.819515705	5.96992445	0
0.653265269	5.816905499	5.967312813	0
0.653276855	5.814113617	5.964519978	0
0.653288426	5.812452316	5.962857246	0
0.653299995	5.810523987	5.96092844	0
0.653311577	5.808255196	5.958658218	0
0.653323143	5.807333469	5.957736015	0
0.653334712	5.804460049	5.954861641	0
0.653346288	5.80298233	5.953382969	0
0.653357866	5.802827358	5.953227997	0
0.653369439	5.802896977	5.953297615	0
0.653381016	5.803860664	5.95426178	0
0.653392588	5.803442955	5.953843594	0
0.653404163	5.804825783	5.955227375	0
0.653415738	5.804877758	5.95527935	0
0.653427315	5.805136204	5.955537796	0
0.653438886	5.804825306	5.955226421	0
0.653450457	5.804049969	5.954451084	0
0.653462028	5.804501057	5.954902172	0
0.653473608	5.803499222	5.953900337	0
0.65348518	5.803357601	5.953758717	0
0.653496754	5.802043915	5.952444077	0
0.653508326	5.799723148	5.95012188	0
0.653519897	5.798357964	5.948756695	0
0.653531479	5.797140598	5.947537899	0
0.653543051	5.795628071	5.946025372	0
0.653554631	5.795676231	5.946073055	0
0.653566195	5.795158863	5.94555521	0
0.653577768	5.795508862	5.945905685	0
0.653589347	5.795503616	5.94590044	0
0.653600916	5.795286655	5.945683479	0
0.653612502	5.795176029	5.945572376	0
0.65362407	5.795338154	5.945734978	0
0.653635645	5.794831276	5.9452281	0
