Day fraction since midnight on	pH probe (pH)	pH probe (pH)	Source pressure (Pa)
0.610383356	7.797829151	7.967197895	0
0.610394931	7.787425041	7.956591129	0
0.610406512	7.794581413	7.963887215	0
0.610418089	7.80007267	7.969485283	0
0.610429652	7.810046196	7.979652882	0
time zero			
0.610441239	7.792025566	7.9612813	0
0.610452807	7.781909466	7.950968266	0
0.610464379	7.771160126	7.940010071	0
0.610475949	7.791942596	7.961196899	0
0.610487522	7.813885212	7.983566284	0
0.610499102	7.831985951	8.002018929	0
0.610510683	7.831624031	8.001649857	0
0.610522252	7.822619438	7.992470264	0
0.610533831	7.806724072	7.976265907	0
0.610545401	7.796772003	7.966119766	0
0.610556975	7.793546677	7.962831974	0
0.610568544	7.80008173	7.969494343	0
0.610580116	7.806446075	7.975982189	0
0.610591697	7.792835712	7.962107182	0
0.610603283	7.788992882	7.958189488	0
0.610614844	7.784486294	7.953595638	0
0.610626417	7.77034092	7.939175129	0
0.610637999	7.763226032	7.931921482	0
0.610649561	7.752732277	7.92122364	0
0.610661152	7.734454632	7.902590275	0
0.61067272	7.724288464	7.892226696	0
0.610684295	7.721185684	7.889063358	0
0.610695861	7.726387501	7.894366264	0
0.61070744	7.718704701	7.886533737	0
0.61071901	7.727445126	7.89544487	0
0.610730581	7.738842964	7.907064438	0
0.610742162	7.741174221	7.909440994	0
0.610753725	7.740020752	7.908264637	0
0.61076532	7.721748829	7.88963747	0
0.610776873	7.715791225	7.883563995	0
0.610788466	7.707573891	7.87518692	0
0.610800024	7.705980301	7.873562336	0
0.6108116	7.679776192	7.846848011	0
0.61082318	7.680949688	7.848044395	0
0.610834753	7.665046692	7.831831932	0
0.610846327	7.664056778	7.830822945	0
0.610857898	7.662094593	7.828822613	0
0.610869477	7.637611866	7.803863525	0
0.610881049	7.638974667	7.805253029	0
0.61089262	7.635272026	7.801477909	0
0.610904202	7.629340649	7.795431137	0
0.610915773	7.638275147	7.804539681	0
0.610927336	7.629613876	7.795710087	0
0.610938918	7.619828701	7.785734654	0
0.610950495	7.617243767	7.783099651	0
0.61096208	7.604759216	7.770371914	0
0.610973632	7.597682476	7.763157368	0
0.610985227	7.58078146	7.745927811	0
0.61099678	7.584575653	7.749795914	0
0.611008355	7.570045948	7.734983444	0
0.611019928	7.544064522	7.708496571	0
0.611031512	7.541165829	7.705541134	0
0.611043081	7.537261963	7.701561451	0
0.611054659	7.534721851	7.698972225	0
0.611066224	7.536546707	7.700832367	0
0.611077817	7.533652782	7.697882175	0
0.611089394	7.53363514	7.697864056	0
0.611100947	7.527827263	7.691943169	0
0.611112521	7.530430317	7.694596767	0
0.611124094	7.513460636	7.677297115	0
0.611135676	7.499223709	7.662783146	0
0.611147243	7.491654396	7.65506649	0
0.611158817	7.476704598	7.639825821	0
0.611170391	7.446830273	7.609370709	0
0.611181983	7.443013668	7.605479717	0
0.61119355	7.438384533	7.600759983	0
0.611205116	7.443622589	7.606100082	0
0.611216691	7.445857048	7.608377934	0
0.611228264	7.418250084	7.580234051	0
0.611239835	7.430535317	7.592758179	0
0.611251418	7.445874214	7.608395577	0
0.611262983	7.423982143	7.58607769	0
0.611274579	7.399824143	7.561449528	0
0.611286142	7.396392822	7.557951927	0
0.611297727	7.406637192	7.568395615	0
0.61130928	7.399123192	7.560735226	0
0.611320873	7.386441708	7.547807217	0
0.611332428	7.390113831	7.551550388	0
0.611344016	7.371294975	7.532365799	0
0.611355579	7.360185146	7.521039963	0
0.611367156	7.36712265	7.528111935	0
0.611378746	7.377860546	7.539058685	0
0.61139031	7.380968094	7.542227268	0
0.611401873	7.376941204	7.5381217	0
0.611413449	7.359060764	7.519893169	0
0.611425041	7.360249519	7.52110529	0
0.611436603	7.359485626	7.520326614	0
0.61144817	7.361430645	7.52230978	0
0.611459761	7.357268333	7.518065929	0
0.611471324	7.348224163	7.508846283	0
0.611482891	7.347046852	7.507646084	0
0.611494465	7.33153677	7.491834164	0
0.611506044	7.332330227	7.49264288	0
0.61151762	7.350806713	7.511478424	0
0.611529187	7.35504961	7.515804291	0
0.611540767	7.336383343	7.49677515	0
0.611552335	7.319046974	7.479101181	0
0.611563914	7.327302456	7.487517357	0
0.611575502	7.328233242	7.488465786	0
0.611587077	7.320651054	7.480736256	0
0.611598632	7.31858635	7.478631496	0
0.611610214	7.315240383	7.47522068	0
0.61162178	7.304182529	7.463947296	0
0.611633363	7.293941975	7.453507423	0
0.61164493	7.274376869	7.433561802	0
0.611656503	7.264667511	7.423664093	0
0.611668091	7.265302658	7.424311161	0
0.611679654	7.268489838	7.427560329	0
0.611691226	7.257586956	7.416445255	0
0.611702819	7.265302658	7.424311161	0
0.611714372	7.270929813	7.430047989	0
0.611725958	7.271230698	7.430354595	0
0.611737542	7.26422739	7.423214912	0
0.611749095	7.271492958	7.430622101	0
0.611760691	7.243383884	7.401966095	0
0.611772245	7.187578201	7.345074654	0
0.611783825	7.197805882	7.355501175	0
0.611795391	7.205221176	7.363060474	0
0.611806967	7.213107586	7.371100903	0
0.611818539	7.210595608	7.36853981	0
0.611830114	7.196513653	7.354183674	0
0.611841686	7.186434746	7.343908787	0
0.611853274	7.186338425	7.343810558	0
0.611864835	7.187850475	7.345352173	0
0.611876417	7.188845635	7.346366406	0
0.611887987	7.184864998	7.342308521	0
0.611899557	7.160925865	7.317903996	0
0.611911134	7.181938648	7.339325428	0
0.61192272	7.186846733	7.34432888	0
0.611934286	7.188447952	7.345961571	0
0.611945856	7.18641758	7.343891621	0
0.611957428	7.182578564	7.339977741	0
0.611969009	7.172981262	7.330193996	0
0.611980589	7.163228512	7.320250988	0
0.611992155	7.147053719	7.303761959	0
0.612003726	7.146661282	7.303361893	0
0.612015301	7.138321877	7.294859886	0
0.612026872	7.109976292	7.265963078	0
0.612038446	7.138149738	7.29468441	0
0.61205002	7.138062954	7.294596195	0
0.6120616	7.13129139	7.287692547	0
0.612073185	7.132566452	7.288992882	0
0.612084742	7.13754034	7.294063091	0
0.612096316	7.134290695	7.290750504	0
0.612107909	7.111819267	7.267842293	0
0.612119464	7.118371487	7.274521351	0
0.612131058	7.094208717	7.24988842	0
0.612142613	7.101888657	7.257718086	0
0.612154191	7.109734535	7.265716553	0
0.612165765	7.109464645	7.265441418	0
0.612177335	7.112604141	7.268641949	0
0.612188909	7.109004021	7.264971733	0
0.612200484	7.11179781	7.267819881	0
0.612212057	7.108969688	7.264936924	0
0.612223642	7.105219841	7.261114121	0
0.61223522	7.097758293	7.253507614	0
0.612246783	7.064230919	7.219327927	0
0.61225836	7.070670128	7.225892067	0
0.612269938	7.084197044	7.239682198	0
0.612281506	7.059811592	7.214822292	0
0.612293095	7.058917999	7.213911533	0
0.612304665	7.05778122	7.212752342	0
0.612316223	7.056209087	7.211149693	0
0.612327819	7.052869797	7.207745552	0
0.612339371	7.044079781	7.198784351	0
0.612350945	7.049386501	7.204194546	0
0.61236254	7.047924042	7.202703953	0
0.612374095	7.045223236	7.199950218	0
0.612385667	7.030020237	7.184451103	0
0.612397258	7.033277035	7.187771797	0
0.612408818	7.03807354	7.192661762	0
0.61242039	7.028706074	7.183111668	0
0.612431984	7.015151501	7.169293404	0
0.612443555	7.013927937	7.168045998	0
0.612455112	7.01304245	7.167143345	0
0.612466705	7.012685299	7.166779041	0
0.61247828	7.007722378	7.161719799	0
0.612489843	7.012001514	7.166082382	0
0.612501409	7.004274845	7.158205032	0
0.612512982	7.011950493	7.166030407	0
0.612524557	7.011289597	7.165356159	0
0.612536132	6.998296738	7.152110577	0
0.612547704	7.007329941	7.161319733	0
0.612559279	7.009255886	7.163283348	0
0.612570875	7.004534721	7.158470154	0
0.61258243	6.9981637	7.151975155	0
0.612594009	6.989542961	7.143186569	0
0.612605575	6.977927208	7.131345272	0
0.61261715	6.973999977	7.12734127	0
0.612628723	6.97866106	7.132092953	0
0.6126403	6.981822968	7.135316849	0
0.612651871	6.975111961	7.128474712	0
0.612663464	6.97627449	7.12966013	0
0.612675041	6.974413395	7.127762795	0
0.612686615	6.979309559	7.132753849	0
0.612698188	6.989599705	7.143244743	0
0.612709751	6.984018803	7.137555122	0
0.612721334	6.974241257	7.127587318	0
0.612732899	6.972108841	7.125413418	0
0.612744486	6.967986107	7.121210575	0
0.612756057	6.959089756	7.112141132	0
0.612767613	6.962401867	7.115517616	0
0.612779192	6.958267212	7.111302853	0
0.612790781	6.935625076	7.088219643	0
0.612802337	6.936820984	7.089438915	0
0.612813927	6.928646088	7.081105232	0
0.612825483	6.931465149	7.08397913	0
0.612837058	6.926874638	7.07929945	0
0.612848642	6.934522152	7.087095261	0
0.612860206	6.921944141	7.074272633	0
0.612871795	6.92165041	7.073973656	0
0.612883353	6.927283764	7.079716206	0
0.612894931	6.928387642	7.080841541	0
0.612906502	6.93021965	7.082709312	0
0.612918077	6.938433647	7.09108305	0
0.612929656	6.94312048	7.095861435	0
0.612941244	6.939949989	7.092628956	0
0.612952797	6.940591812	7.093283176	0
0.612964372	6.928387642	7.080841541	0
0.612975967	6.91937685	7.071655273	0
0.612987534	6.923172951	7.075525284	0
0.612999112	6.909570694	7.061658382	0
0.613010669	6.893927097	7.045710564	0
0.613022241	6.879014015	7.030507565	0
0.613033816	6.864750862	7.015966415	0
0.613045401	6.885945797	7.037574291	0
0.613056984	6.898536682	7.050410271	0
0.613068541	6.875734806	7.027164459	0
0.613080131	6.863475323	7.014666557	0
0.613091693	6.880856991	7.032386303	0
0.613103265	6.880447388	7.031968594	0
0.61311484	6.871970654	7.023327351	0
0.613126411	6.856491089	7.007546425	0
0.613137993	6.860994339	7.012136936	0
0.613149557	6.850502014	7.001441002	0
0.61316113	6.844581604	6.995490551	0
0.613172713	6.840970993	6.991878033	0
0.613184285	6.849392891	7.000310421	0
0.613195874	6.85959816	7.010714054	0
0.613207446	6.868503571	7.019792557	0
0.613219016	6.860054016	7.011178494	0
0.613230575	6.848830223	6.999741077	0
0.613242153	6.838799477	6.989706039	0
0.613253745	6.838490009	6.989396095	0
0.613265304	6.842704296	6.993612766	0
0.613276877	6.847414017	6.998324394	0
0.613288464	6.843951702	6.994860649	0
0.613300026	6.839394093	6.990300655	0
0.613311594	6.834377766	6.985281944	0
0.613323177	6.838506699	6.989412785	0
0.613334741	6.838438988	6.989345074	0
0.613346329	6.837937832	6.988843918	0
0.613357891	6.838454723	6.989360809	0
0.613369464	6.836869717	6.987774849	0
0.613381037	6.838438988	6.989345074	0
0.613392628	6.837852001	6.98875761	0
0.613404207	6.836869717	6.987774849	0
0.61341576	6.838080406	6.988986492	0
0.613427353	6.830476761	6.981379032	0
0.613438908	6.818373203	6.969269276	0
0.613450484	6.821073055	6.971970558	0
0.613462055	6.801361084	6.95224905	0
0.613473644	6.821080685	6.971978188	0
0.613485204	6.832279205	6.98318243	0
0.613496778	6.826584816	6.97748518	0
0.613508355	6.812383652	6.963276863	0
0.613519931	6.795582295	6.9464674	0
0.613531502	6.809756279	6.960648537	0
0.613543074	6.800098896	6.950985909	0
0.61355465	6.793600559	6.944485188	0
0.613566226	6.790292263	6.941174984	0
0.613577808	6.800751686	6.951639652	0
0.613589371	6.80175066	6.952638626	0
0.613600954	6.787173271	6.938054562	0
0.613612519	6.780902863	6.931780815	0
0.613624094	6.795909882	6.946794987	0
0.613635667	6.785134792	6.936014652	0
0.613647241	6.788052082	6.938933849	0
0.613658827	6.784829617	6.935709477	0
0.613670406	6.776282787	6.927158833	0
0.613681963	6.753073692	6.903937817	0
0.613693548	6.762428761	6.913297653	0
0.613705112	6.754981518	6.905847073	0
0.613716685	6.752646923	6.903511047	0
0.613728281	6.75574255	6.906608582	0
0.613739833	6.764386177	6.915256023	0
0.613751428	6.759568214	6.910435677	0
0.613762982	6.742375374	6.893234253	0
0.613774556	6.735477924	6.886333942	0
0.613786148	6.746144772	6.897005558	0
0.613797717	6.761161327	6.912029743	0
0.613809278	6.77114296	6.922016144	0
0.613820852	6.763290882	6.914160252	0
0.613832432	6.748677731	6.899539948	0
0.613844	6.719767094	6.870615006	0
0.613855576	6.722433567	6.873282909	0
0.613867157	6.721330643	6.872179985	0
0.613878728	6.739611149	6.890469074	0
0.613890312	6.725897312	6.876748562	0
0.61390187	6.730823517	6.881677151	0
0.613913451	6.741957188	6.892816067	0
0.613925019	6.727581501	6.878433704	0
0.613936606	6.718143463	6.868990421	0
0.613948168	6.733690262	6.884545326	0
0.61395974	6.718828678	6.869676113	0
0.613971322	6.728068352	6.878920555	0
0.613982889	6.742597103	6.893456459	0
0.613994478	6.715919972	6.866766453	0
0.614006059	6.721933842	6.872783184	0
0.614017611	6.711389065	6.862233162	0
0.614029185	6.710784912	6.861629009	0
0.614040763	6.716953754	6.867800713	0
0.614052352	6.711481094	6.862325192	0
0.614063921	6.717975617	6.868822575	0
0.614075484	6.717037201	6.867883682	0
0.614087056	6.714989185	6.86583519	0
0.614098634	6.712404728	6.863249302	0
0.614110203	6.690077782	6.840911388	0
0.614121779	6.685040951	6.835872173	0
0.614133352	6.670045853	6.820869923	0
0.614144946	6.668015957	6.818838596	0
0.614156507	6.672383785	6.823208809	0
0.614168077	6.681660652	6.832489967	0
0.614179661	6.687633514	6.838465691	0
0.614191227	6.673486233	6.824311733	0
0.614202801	6.677613735	6.82844162	0
0.61421437	6.665541172	6.816362858	0
0.614225946	6.664638042	6.815459251	0
0.614237535	6.666361332	6.817183495	0
0.614249093	6.67816782	6.828995705	0
0.614260666	6.676649094	6.827476502	0
0.614272251	6.675942421	6.826769352	0
0.614283814	6.676422119	6.82724905	0
0.614295411	6.672651291	6.823476315	0
0.614306966	6.664483547	6.815304756	0
0.614318538	6.664073944	6.814894676	0
0.614330121	6.667377949	6.818200588	0
0.614341702	6.66348362	6.814304352	0
0.61435328	6.664810658	6.815631867	0
0.614364833	6.66550684	6.816328526	0
0.614376415	6.669463158	6.820286751	0
0.614387983	6.663561821	6.814382553	0
0.614399562	6.66196537	6.812785149	0
0.614411129	6.656241894	6.807058811	0
0.614422703	6.645269871	6.796081543	0
0.61443428	6.616630554	6.767428398	0
five min			
0.614445853	6.625938892	6.776741028	0
0.614457446	6.648319721	6.799133301	0
0.614468999	6.659484386	6.810302734	0
0.614480583	6.64735508	6.798167706	0
0.614492158	6.638446331	6.789254665	0
0.614503732	6.631893635	6.782698631	0
0.614515305	6.632487774	6.783293247	0
0.614526884	6.630812645	6.781617165	0
0.614538455	6.621382713	6.772182941	0
0.614550024	6.638854981	6.789663792	0
0.614561611	6.63961792	6.790426731	0
0.614573171	6.626228333	6.777030945	0
0.614584748	6.625832558	6.776634693	0
0.614596326	6.624229908	6.775031567	0
0.6146079	6.6279006	6.778704166	0
0.614619468	6.621280193	6.772080421	0
0.614631044	6.61806345	6.768862248	0
0.614642612	6.621126652	6.77192688	0
0.614654194	6.61723423	6.768032074	0
0.614665766	6.612868786	6.763664722	0
0.614677332	6.591966629	6.742752075	0
0.614688912	6.606136799	6.756929398	0
0.614700492	6.616992474	6.767790794	0
0.61471206	6.601453304	6.752243996	0
0.614723634	6.582769394	6.733551025	0
0.614735204	6.586045742	6.736828327	0
0.614746789	6.598202705	6.748991489	0
0.614758354	6.585226536	6.736009121	0
0.614769932	6.587612629	6.738396168	0
0.614781508	6.578565598	6.729344845	0
0.614793079	6.579510689	6.730290413	0
0.614804656	6.586561203	6.737344265	0
0.614816227	6.586164951	6.736948013	0
0.614827797	6.578998566	6.72977829	0
0.614839381	6.602241993	6.753033161	0
0.614850944	6.615103722	6.765900612	0
0.61486253	6.612822533	6.763618469	0
0.614874093	6.600361347	6.751151562	0
0.614885678	6.612219334	6.76301527	0
0.614897247	6.601624012	6.752414703	0
0.614908828	6.581133366	6.731913567	0
0.614920393	6.578452587	6.729231834	0
0.614931974	6.586647511	6.737430573	0
0.61494354	6.608090878	6.75888443	0
0.614955115	6.618560791	6.769359589	0
0.614966704	6.601622105	6.752412319	0
0.614978269	6.574530602	6.725307941	0
0.614989843	6.565228462	6.716001034	0
0.615001408	6.564682961	6.715455532	0
0.615012988	6.56202364	6.712794781	0
0.615024566	6.572534561	6.723310947	0
0.615036134	6.563659668	6.714431286	0
0.615047703	6.567276478	6.71805048	0
0.615059277	6.578393459	6.729172707	0
0.615070859	6.57518816	6.725965977	0
0.615082435	6.571759224	6.722535133	0
0.615094007	6.573588371	6.724365234	0
0.615105584	6.556181908	6.706950188	0
0.615117148	6.542962074	6.693724155	0
0.615128736	6.533746243	6.684503555	0
0.6151403	6.540351868	6.691112518	0
0.615151883	6.531471252	6.682227612	0
0.615163445	6.543269157	6.694031239	0
0.615175023	6.545412064	6.696175098	0
0.615186596	6.552995205	6.703762054	0
0.615198167	6.546562672	6.697326183	0
0.615209741	6.535589695	6.686347961	0
0.615221326	6.522321224	6.673073292	0
0.615232899	6.531768799	6.682525158	0
0.615244469	6.531751633	6.682507992	0
0.615256046	6.52938652	6.680141449	0
0.615267611	6.529482842	6.68023777	0
0.615279191	6.503917694	6.654660702	0
0.615290768	6.517272472	6.668021679	0
0.615302334	6.522503853	6.67325592	0
0.615313915	6.495767117	6.646505833	0
0.615325492	6.507109165	6.657853603	0
0.615337062	6.527264118	6.67801857	0
0.615348641	6.529472828	6.680227757	0
0.615360211	6.522401333	6.6731534	0
0.615371786	6.501695156	6.652436733	0
0.615383358	6.487473965	6.638208866	0
0.615394938	6.485841751	6.636575699	0
0.615406505	6.487132549	6.637866974	0
0.615418082	6.505916596	6.656660557	0
0.615429656	6.518391609	6.669141293	0
0.615441231	6.515107632	6.665855885	0
0.615452801	6.500595093	6.651336193	0
0.615464375	6.472151756	6.622879028	0
0.615475946	6.477184773	6.627914429	0
0.615487528	6.492734432	6.643471718	0
0.615499099	6.491927147	6.642663956	0
0.615510672	6.491295815	6.642032147	0
0.615522247	6.491166115	6.641902924	0
0.615533825	6.490149498	6.64088583	0
0.615545394	6.483839512	6.634572506	0
0.615556969	6.488038063	6.638772965	0
0.615568547	6.489942551	6.640678883	0
0.61558011	6.487047672	6.637782097	0
0.615591693	6.480827332	6.631558895	0
0.615603261	6.489931107	6.640666962	0
0.615614843	6.461183071	6.611905098	0
0.615626414	6.452222347	6.602940083	0
0.615637987	6.470837593	6.621564388	0
0.61564956	6.473465443	6.624193192	0
0.61566113	6.457443237	6.608163357	0
0.615672707	6.44938612	6.600102425	0
0.615684282	6.452463627	6.603181362	0
0.61569585	6.467032433	6.61775732	0
0.615707431	6.466300964	6.617025375	0
0.615719019	6.45553112	6.606250286	0
0.615730593	6.477270126	6.628000259	0
0.615742149	6.466299057	6.617023468	0
0.615753741	6.452549934	6.60326767	0
0.615765303	6.449560165	6.60027647	0
0.615776869	6.447990418	6.598705769	0
0.615788448	6.444913864	6.595627785	0
0.615800017	6.447649479	6.59836483	0
0.6158116	6.444709778	6.595423698	0
0.615823165	6.44399786	6.594711304	0
0.615834759	6.420688629	6.571390629	0
0.615846313	6.439851761	6.590563297	0
0.615857903	6.443399906	6.59411335	0
0.615869461	6.443007946	6.593720913	0
0.615881038	6.443589687	6.594303131	0
0.615892614	6.44600153	6.596716404	0
0.615904191	6.449380875	6.600097179	0
0.615915779	6.452291489	6.603009224	0
0.615927338	6.442752361	6.593465328	0
0.615938906	6.444355965	6.595069885	0
0.615950491	6.44634676	6.597061157	0
0.615962055	6.445874691	6.596589088	0
0.615973647	6.440350056	6.591062069	0
0.615985209	6.432582855	6.583291054	0
0.615996796	6.428770065	6.579476357	0
0.616008372	6.413002968	6.56370163	0
0.616019944	6.420300007	6.571002007	0
0.616031498	6.409988403	6.560685158	0
0.61604308	6.416788101	6.567488194	0
0.616054653	6.420246601	6.570948601	0
0.616066226	6.428829193	6.579535008	0
0.616077797	6.430535317	6.581242561	0
0.616089373	6.430958748	6.581665993	0
0.616100946	6.428095341	6.578801155	0
0.616112517	6.438162327	6.58887291	0
0.616124109	6.433422566	6.584131241	0
0.616135665	6.412374497	6.563072681	0
0.616147239	6.416742802	6.567442894	0
0.616158835	6.414513588	6.565212727	0
0.616170395	6.423897743	6.57460165	0
0.616181983	6.425117016	6.5758214	0
0.616193538	6.413370132	6.564068794	0
0.616205114	6.423325062	6.574028492	0
0.616216697	6.431424141	6.582131386	0
0.616228265	6.437053204	6.58776331	0
0.616239837	6.438985348	6.589696407	0
0.616251408	6.434291363	6.585000038	0
0.616263	6.422290802	6.572993755	0
0.616274555	6.43104744	6.581754684	0
0.616286128	6.411817551	6.562515259	0
0.616297702	6.375955105	6.52663517	0
0.616309276	6.40028286	6.550974846	0
0.616320855	6.407402992	6.558098793	0
0.616332444	6.400286198	6.550978184	0
0.616343998	6.379329681	6.530011654	0
0.616355571	6.396529198	6.547219276	0
0.616367146	6.379229069	6.529911041	0
0.616378736	6.393393517	6.544082165	0
0.616390296	6.396853447	6.547544003	0
0.616401876	6.398356915	6.549047947	0
0.616413452	6.390791416	6.541479111	0
0.616425019	6.392724037	6.543412685	0
0.616436597	6.382985592	6.533668995	0
0.616448166	6.367692947	6.518369198	0
0.616459759	6.371302128	6.521980286	0
0.616471313	6.362591267	6.513264656	0
0.616482907	6.360325813	6.510998249	0
0.616494461	6.353496552	6.504166126	0
0.616506051	6.358981609	6.509653568	0
0.616517609	6.361738205	6.512411594	0
0.616529182	6.354878902	6.505548954	0
0.616540772	6.351874352	6.502542496	0
0.616552336	6.334028244	6.484687805	0
0.616563905	6.323892117	6.474546909	0
0.616575484	6.318934917	6.469587326	0
0.616587053	6.317818165	6.468470097	0
0.61659863	6.323071003	6.473725319	0
0.616610209	6.321640492	6.472294331	0
0.616621778	6.319115162	6.469767571	0
0.616633355	6.344817162	6.495481968	0
0.616644925	6.32611084	6.476766586	0
0.616656517	6.322516918	6.473171234	0
0.616668079	6.3509202	6.501588345	0
0.61667965	6.340000153	6.490663052	0
0.616691226	6.33272028	6.483379841	0
0.616702805	6.336442471	6.487103462	0
0.616714374	6.31976366	6.470416546	0
0.616725942	6.316401959	6.467053413	0
0.616737538	6.320796013	6.471449375	0
0.61674909	6.33523941	6.485899925	0
0.616760683	6.323277473	6.473932266	0
0.616772238	6.319536686	6.470189571	0
0.616783812	6.320998669	6.471652031	0
0.616795408	6.316470623	6.467122078	0
0.61680696	6.322357178	6.473011494	0
0.616818556	6.333530426	6.484189987	0
0.616830115	6.338703156	6.489365578	0
0.616841686	6.32068491	6.471338272	0
0.616853265	6.316349983	6.467001438	0
0.616864831	6.317050457	6.467701912	0
0.616876405	6.3185215	6.469173908	0
0.616887997	6.31803894	6.468690872	0
0.616899555	6.316948414	6.467599869	0
0.616911134	6.315367699	6.466018677	0
0.616922715	6.314435959	6.465085983	0
0.616934281	6.314900398	6.4655509	0
0.61694585	6.315292835	6.465943813	0
0.616957436	6.305356026	6.456002235	0
0.616969016	6.295999527	6.446640968	0
0.616980574	6.305583954	6.456230164	0
0.616992157	6.281525135	6.432158947	0
0.617003727	6.311079025	6.461727619	0
0.617015295	6.316299439	6.466950893	0
0.617026871	6.314213276	6.4648633	0
0.617038463	6.308888435	6.459536076	0
0.617050037	6.298395157	6.449037552	0
0.617061599	6.291074753	6.44171381	0
0.617073164	6.295073986	6.445714474	0
0.617084758	6.290261746	6.440899849	0
0.617096312	6.304100037	6.454745293	0
0.617107888	6.304253578	6.454898834	0
0.617119462	6.289357662	6.439995766	0
0.617131043	6.299893856	6.450537205	0
0.617142608	6.288777351	6.439415455	0
0.617154204	6.283644199	6.434279442	0
0.617165763	6.276134014	6.426765442	0
0.617177352	6.273203373	6.42383337	0
0.61718891	6.277123451	6.427755356	0
0.617200493	6.270582676	6.42121172	0
0.617212053	6.271936417	6.422565937	0
0.617223629	6.278423309	6.429055691	0
0.617235223	6.268480778	6.419108391	0
0.617246784	6.267994881	6.418622494	0
0.617258357	6.282805443	6.433440208	0
0.617269926	6.265981674	6.416608334	0
0.617281498	6.278778553	6.429411411	0
0.617293081	6.281597138	6.432231426	0
0.617304645	6.288678646	6.439316273	0
0.617316225	6.267963886	6.418591499	0
0.617327798	6.271305084	6.421934605	0
0.617339389	6.276286602	6.42691803	0
0.617350941	6.26922369	6.41985178	0
0.617362527	6.266361237	6.416987896	0
0.61737409	6.249993801	6.400612831	0
0.617385675	6.252627373	6.403247356	0
0.617397239	6.259275913	6.409899712	0
0.617408858	6.251258373	6.40187788	0
0.617420396	6.244411945	6.395028114	0
0.617431967	6.230149746	6.380759239	0
0.617443543	6.234051704	6.384662628	0
0.61745513	6.261226177	6.411850452	0
0.617466703	6.258235455	6.408858299	0
0.617478256	6.272909164	6.423539162	0
0.617489836	6.272736549	6.423366547	0
0.617501408	6.273386955	6.424017429	0
0.617512983	6.256383896	6.407005787	0
0.617524439	6.222044945	6.372650147	0
0.617536149	6.229000092	6.379608631	0
0.617547706	6.232572556	6.383182526	0
0.61755928	6.239636421	6.390250206	0
0.617570848	6.226429462	6.377037048	0
0.617582444	6.229949951	6.380558968	0
0.617593999	6.237674713	6.388287067	0
0.617605571	6.248355866	6.398973465	0
0.617617148	6.242856979	6.393472195	0
0.617628723	6.248250485	6.398868561	0
0.617640293	6.234500408	6.385111809	0
0.617651869	6.221986771	6.372591972	0
0.617663447	6.23022604	6.380835056	0
0.617675032	6.229536533	6.38014555	0
0.6176866	6.211619377	6.362219334	0
0.61769817	6.204555512	6.35515213	0
0.617709739	6.218922138	6.369525909	0
ten min			
0.617721311	6.216482163	6.36708498	0
0.617732893	6.218060494	6.368663788	0
0.617744462	6.204162598	6.354759216	0
0.617756038	6.227365494	6.37797308	0
0.617767608	6.225656986	6.376264095	0
0.617779194	6.212684155	6.363285065	0
0.617790756	6.209520817	6.36011982	0
0.617802349	6.212202072	6.362802029	0
0.617813909	6.186469078	6.337056637	0
0.617825481	6.187304974	6.337893486	0
0.617837052	6.201108933	6.351703644	0
0.617848636	6.19534874	6.345941067	0
0.617860202	6.182135105	6.332720757	0
0.617871775	6.199078083	6.349672318	0
0.617883354	6.216684818	6.367287159	0
0.617894929	6.215240955	6.365842819	0
0.617906506	6.227296829	6.377904415	0
0.617918078	6.22893858	6.379547119	0
0.617929644	6.213376999	6.363977909	0
0.617941227	6.195400715	6.345993042	0
0.617952795	6.207185745	6.357783318	0
0.617964369	6.221140385	6.37174511	0
0.617975961	6.209823608	6.360423088	0
0.617987532	6.184011936	6.334598064	0
0.617999093	6.191580296	6.342170715	0
0.618010667	6.185035706	6.335622788	0
0.618022238	6.163746834	6.314323425	0
0.618033811	6.172989368	6.323570252	0
0.618045388	6.183080196	6.333666325	0
0.61805696	6.17544651	6.326028824	0
0.618068533	6.164782047	6.315359116	0
0.618080107	6.146149159	6.296717644	0
0.618091682	6.147220612	6.297789097	0
0.618103264	6.152907372	6.303478718	0
0.618114833	6.167108059	6.317686558	0
0.618126411	6.151425362	6.301995754	0
0.618137984	6.158690453	6.309265137	0
0.618149557	6.156045914	6.306618691	0
0.618161132	6.156215668	6.306788921	0
0.618172721	6.161540508	6.312116146	0
0.618184277	6.146132469	6.296700478	0
0.618195856	6.151786804	6.302357674	0
0.618207445	6.147737503	6.298306465	0
0.618218997	6.154492855	6.305065155	0
0.618230572	6.148887634	6.299457073	0
0.618242147	6.145738602	6.29630661	0
0.618253719	6.147838116	6.298407078	0
0.618265311	6.142429829	6.29299593	0
0.618276878	6.144681454	6.295248985	0
0.618288444	6.142361164	6.292927265	0
0.618300029	6.142963886	6.293530464	0
0.61831159	6.14097929	6.291544914	0
0.618323173	6.142653942	6.29322052	0
0.618334754	6.146565437	6.297133923	0
0.618346324	6.143812656	6.294379711	0
0.618357896	6.144630909	6.295197964	0
0.618369463	6.142411709	6.292978287	0
0.618381033	6.140808582	6.29137373	0
0.61839261	6.13715744	6.287721157	0
0.618404184	6.122431755	6.272988319	0
0.618415755	6.124053001	6.274610519	0
0.618427344	6.140517235	6.291082382	0
0.618438905	6.14207077	6.292636871	0
0.618450499	6.135295868	6.285858631	0
0.618462053	6.122504234	6.273060799	0
0.618473631	6.108794212	6.259344101	0
0.618485208	6.13591671	6.28647995	0
0.618496796	6.134331226	6.284893513	0
0.618508369	6.107809544	6.258358955	0
0.618519927	6.10086441	6.251410484	0
0.618531496	6.12610054	6.276659012	0
0.61854308	6.119270802	6.269825935	0
0.618554644	6.107945919	6.258495331	0
0.61856622	6.091871738	6.242413521	0
0.618577801	6.097891808	6.248436451	0
0.618589367	6.113866806	6.264419079	0
0.61860094	6.118542194	6.269096851	0
0.618612524	6.110999584	6.261550427	0
0.618624092	6.115077972	6.265631199	0
0.61863567	6.09762764	6.248172283	0
0.618647245	6.093561173	6.244103432	0
0.618658811	6.099039078	6.249584198	0
0.618670388	6.095129013	6.245672226	0
0.618681963	6.107398033	6.257947445	0
0.618693533	6.107591152	6.258140087	0
0.618705113	6.11249876	6.263050556	0
0.618716684	6.108611584	6.259160996	0
0.618728256	6.097213268	6.247757435	0
0.618739838	6.092664719	6.243206501	0
0.618751425	6.073796272	6.224328995	0
0.618762977	6.092077255	6.242619038	0
0.618774552	6.098885536	6.249430656	0
0.618786146	6.106881142	6.257430077	0
0.618797703	6.103014469	6.253561497	0
0.618809278	6.099036694	6.249581814	0
0.618820849	6.0926404	6.243182182	0
0.618832423	6.102125168	6.252671719	0
0.618843997	6.09602499	6.24656868	0
0.618855587	6.099058151	6.249603272	0
0.618867155	6.08460331	6.235141754	0
0.618878722	6.075253487	6.225787163	0
0.6188903	6.090734959	6.241276264	0
0.618901888	6.096265793	6.246809483	0
0.618913441	6.092230797	6.242772579	0
0.61892502	6.093010426	6.243552685	0
0.618936606	6.065059662	6.21558857	0
0.618948166	6.059538364	6.210064411	0
0.61895974	6.081993103	6.232530117	0
0.618971316	6.039729118	6.190245152	0
0.618982884	6.062661171	6.213188648	0
0.618994459	6.049688816	6.200210095	0
0.619006036	6.041021347	6.191538334	0
0.619017614	6.057511807	6.2080369	0
0.619029186	6.071499825	6.222031593	0
0.619040765	6.064015389	6.214543343	0
0.619052332	6.065032959	6.21556139	0
0.619063918	6.058425903	6.208950996	0
0.619075477	6.063087463	6.213615418	0
0.619087058	6.045828819	6.19634819	0
0.619098635	6.044812203	6.195331097	0
0.619110219	6.043744087	6.194262028	0
0.619121778	6.051041126	6.201562882	0
0.619133356	6.033508301	6.184021473	0
0.619144925	6.016950131	6.167455196	0
0.619156499	6.02306509	6.173573494	0
0.619168074	6.023824215	6.174332619	0
0.619179665	6.011899948	6.162402153	0
0.61919122	6.019134045	6.169640541	0
0.619202793	6.012735367	6.163238525	0
0.619214368	6.009074211	6.159574986	0
0.619225955	6.021411896	6.171919346	0
0.619237516	6.033671379	6.184184551	0
0.619249103	6.009901047	6.160402775	0
0.619260662	6.01706934	6.167574406	0
0.619272252	6.023361206	6.173869133	0
0.619283813	6.026692867	6.177202702	0
0.619295387	6.022377014	6.172884464	0
0.619306966	6.038798809	6.189314365	0
0.619318533	6.022802353	6.17331028	0
0.61933011	5.998838425	6.149334431	0
0.619341681	6.004459858	6.154959202	0
0.619353275	6.013881207	6.164384842	0
0.619364847	6.007668018	6.158168316	0
0.619376404	5.988796234	6.139287472	0
0.619387978	5.978584766	6.129071236	0
0.619399569	5.996684074	6.147179127	0
0.61941113	5.980555058	6.131042004	0
0.619422699	5.975009441	6.125494003	0
0.61943428	5.996960163	6.147455216	0
0.619445854	5.98007679	6.130563736	0
0.619457425	5.985332012	6.135821819	0
0.619468996	5.984564304	6.135053635	0
0.619480573	5.999716759	6.150213242	0
0.619492144	5.987738133	6.138228893	0
0.619503719	6.002486706	6.152984619	0
0.619515295	5.980638504	6.131125927	0
0.619526868	5.968900681	6.119382381	0
0.61953844	5.96932745	6.119809151	0
0.619550018	5.982571125	6.133059502	0
0.619561591	5.987963677	6.138454437	0
0.619573178	5.984639168	6.135128498	0
0.619584758	5.98355341	6.134042263	0
0.619596313	5.978848457	6.129334927	0
0.619607906	5.966339111	6.116819382	0
0.619619479	5.970026016	6.120508194	0
0.619631053	5.968388081	6.118869305	0
0.619642607	5.968678474	6.119160175	0
0.61965419	5.962996006	6.113474369	0
0.619665772	5.940680981	6.091148853	0
0.619677328	5.965522766	6.11600256	0
0.619688903	5.962720871	6.113199234	0
0.619700496	5.966890812	6.117371082	0
0.619712058	5.967671871	6.118153095	0
0.619723627	5.957674027	6.108150005	0
0.619735207	5.956982613	6.107458115	0
0.619746775	5.959414005	6.109890938	0
0.61975835	5.957957268	6.108433247	0
0.619769927	5.949417114	6.099889278	0
0.619781498	5.95535326	6.105828285	0
0.619793084	5.960308075	6.110785484	0
0.619804653	5.966512203	6.116992474	0
0.619816222	5.956940174	6.107415676	0
0.619827791	5.965761662	6.116241455	0
0.619839365	5.963392735	6.113871574	0
0.619850942	5.953174114	6.103648186	0
0.61986252	5.961635113	6.112112999	0
0.619874089	5.966700077	6.117180824	0
0.619885662	5.965180874	6.115660667	0
0.619897236	5.966166496	6.116646767	0
0.619908832	5.966523171	6.117003918	0
0.619920386	5.96690464	6.117384911	0
0.619931958	5.959022045	6.109498978	0
0.619943532	5.953619957	6.104094029	0
0.619955108	5.961875916	6.112354279	0
0.619966682	5.951155663	6.10162878	0
0.61997826	5.938337326	6.088803768	0
0.619989837	5.926912308	6.077373505	0
0.620001402	5.918190002	6.068646908	0
0.620012978	5.915349484	6.065804958	0
0.620024551	5.910898209	6.061351776	0
0.620036133	5.914333344	6.064788342	0
0.620047721	5.900204659	6.050652504	0
0.620059273	5.903055668	6.053504944	0
0.620070847	5.896757603	6.047204018	0
0.620082441	5.912662029	6.063116074	0
0.620094015	5.922523975	6.072982788	0
0.620105569	5.893278599	6.043723106	0
0.620117142	5.891862392	6.042306423	0
0.620128718	5.914730072	6.065185547	0
0.620140302	5.91969347	6.070151329	0
0.620151879	5.914988518	6.065443516	0
0.620163439	5.911450386	6.061903954	0
0.620175035	5.916676998	6.067133427	0
0.620186596	5.922762871	6.07322216	0
0.620198165	5.924929142	6.075388908	0
0.620209742	5.924688816	6.075149059	0
0.62022132	5.925016403	6.075476646	0
0.620232888	5.925031662	6.075491905	0
0.620244472	5.915643215	6.066099167	0
0.620256032	5.913319111	6.063773155	0
0.620267615	5.925240517	6.07570076	0
0.62027918	5.925747871	6.076208592	0
0.62029076	5.907612801	6.058064461	0
0.620302335	5.863620758	6.014050961	0
0.620313906	5.864032745	6.014462948	0
0.620325483	5.882816315	6.033256054	0
0.620337068	5.891070366	6.04151392	0
0.62034864	5.903977871	6.054427624	0
0.620360199	5.895770073	6.046216011	0
0.620371781	5.88183403	6.032272816	0
0.620383357	5.877095699	6.027532578	0
0.620394921	5.879526138	6.02996397	0
0.620406495	5.884149551	6.034589768	0
0.620418078	5.883230686	6.033670425	0
0.620429653	5.88366127	6.034101009	0
0.620441217	5.889114857	6.039557457	0
0.620452798	5.8822999	6.032739162	0
0.620464365	5.87635231	6.026788712	0
0.620475961	5.880731583	6.031169891	0
0.620487521	5.869698525	6.020131588	0
0.62049909	5.87635231	6.026788712	0
0.620510661	5.882784843	6.033224106	0
0.620522235	5.879094601	6.029531956	0
0.620533809	5.876079083	6.026515484	0
0.620545386	5.86972332	6.020156384	0
0.620556977	5.876268864	6.026705265	0
0.620568553	5.840116978	5.990535736	0
0.620580106	5.845809937	5.996231079	0
0.620591683	5.872426033	6.022860527	0
0.620603261	5.839029312	5.989447594	0
0.620614834	5.853351593	6.003777027	0
0.620626404	5.867735863	6.018167973	0
0.620637998	5.871547222	6.021981239	0
0.620649553	5.844751835	5.995172977	0
0.620661124	5.858009815	6.008437157	0
0.620672698	5.867204666	6.017636776	0
0.620684274	5.832000256	5.982414722	0
0.620695854	5.815027237	5.965433598	0
0.620707421	5.828082085	5.978494644	0
0.620718999	5.818434238	5.968842506	0
0.620730588	5.800035477	5.950434685	0
0.620742158	5.787250519	5.937643528	0
0.620753727	5.792591095	5.942986488	0
0.620765313	5.801758289	5.952158451	0
0.620776872	5.799296856	5.949695587	0
0.620788439	5.793905258	5.944301605	0
0.620800013	5.817622662	5.968029976	0
0.620811588	5.839306355	5.989724636	0
0.620823166	5.818094254	5.968502522	0
0.620834735	5.800215244	5.950614452	0
0.620846318	5.799518585	5.949917316	0
0.620857886	5.792318344	5.942713738	0
0.620869458	5.7952528	5.945649624	0
0.620881043	5.802206993	5.952607155	0
0.620892608	5.789844036	5.940237999	0
0.620904179	5.79255724	5.942952633	0
0.620915754	5.792901516	5.943297386	0
0.620927328	5.793034554	5.943430424	0
0.620938901	5.791464329	5.941859245	0
0.62095048	5.79615736	5.946554184	0
0.620962058	5.794796944	5.945193291	0
0.620973634	5.797347546	5.947745323	0
0.620985207	5.794621468	5.945017815	0
0.620996777	5.790407181	5.940801621	0
0.621008356	5.792608738	5.943004608	0
0.62101992	5.794314385	5.944710732	0
0.621031494	5.794263363	5.94465971	0
0.621043079	5.796313763	5.946711063	0
0.621054657	5.795348167	5.945744991	0
0.621066217	5.779985428	5.930374622	0
0.621077797	5.770655155	5.921039581	0
0.621089371	5.771655083	5.922040463	0
0.621100948	5.752218247	5.90259409	0
0.621112513	5.753585339	5.903961659	0
0.621124088	5.752097607	5.90247345	0
0.621135663	5.755436897	5.905814171	0
0.621147234	5.751520634	5.901896	0
0.62115881	5.752062798	5.902438164	0
0.62117039	5.749374867	5.899749279	0
0.621181961	5.747699738	5.898073196	0
fifteen min			
0.621193531	5.75474596	5.905123234	0
0.621205106	5.752367497	5.902743816	0
0.621216679	5.746026993	5.896399975	0
0.621228265	5.727128029	5.877491474	0
0.621239834	5.723127842	5.873489857	0
0.62125141	5.726903915	5.877267361	0
0.621262981	5.734270096	5.884636879	0
0.621274549	5.728793144	5.879157543	0
0.621286127	5.731815338	5.882181168	0
0.621297702	5.728385925	5.878749847	0
0.621309293	5.745170116	5.895542145	0
0.62132085	5.743552685	5.893924236	0
0.62133242	5.720620155	5.870980263	0
0.621343998	5.719873428	5.870233536	0
0.621355574	5.723026276	5.873387814	0
0.621367148	5.731881619	5.882247448	0
0.621378718	5.73886013	5.889229775	0
0.621390299	5.728230476	5.878594399	0
0.621401871	5.737717152	5.888085842	0
0.621413454	5.740171909	5.89054203	0
0.621425013	5.723434925	5.87379694	0
0.621436593	5.733520985	5.883887291	0
0.621448178	5.704588413	5.854940891	0
0.621459739	5.717071056	5.867429733	0
0.621471318	5.731104374	5.881469727	0
0.621482882	5.715723038	5.866080761	0
0.621494467	5.700953007	5.851304054	0
0.621506031	5.716368675	5.866727352	0
0.621517607	5.717202187	5.867560864	0
0.621529181	5.706253052	5.856606007	0
0.62154076	5.705571175	5.85592413	0
0.621552342	5.709723949	5.860078812	0
0.62156391	5.704341888	5.854694367	0
0.621575478	5.696442127	5.846790791	0
0.621587052	5.683187485	5.833529472	0
0.621598631	5.677258968	5.827598572	0
0.621610204	5.686375141	5.836719036	0
0.621621794	5.679206371	5.829546452	0
0.621633354	5.703011036	5.853363037	0
0.62164492	5.68429327	5.834635735	0
0.621656497	5.679240704	5.829580784	0
0.621668079	5.679344177	5.829684258	0
0.621679649	5.665813923	5.816147804	0
0.621691221	5.664056778	5.814389229	0
0.62170281	5.688804627	5.839149475	0
0.621714385	5.695180416	5.845528126	0
0.621725943	5.685582638	5.835926056	0
0.62173752	5.696214199	5.846562862	0
0.621749096	5.681515694	5.831857204	0
0.62176066	5.675403595	5.825742245	0
0.621772245	5.664645672	5.8149786	0
0.621783818	5.66468811	5.815021038	0
0.621795382	5.658750057	5.809080601	0
0.62180697	5.660579205	5.810910225	0
0.621818531	5.662998676	5.81333065	0
0.621830113	5.666764736	5.817098618	0
0.621841689	5.673037529	5.823374271	0
0.621853261	5.671547413	5.821883678	0
0.621864827	5.663237572	5.813570023	0
0.621876407	5.666031838	5.816365719	0
0.621887975	5.666615963	5.816950321	0
0.621899553	5.662096024	5.812427521	0
0.621911131	5.657701492	5.808031082	0
0.621922705	5.629214287	5.779530048	0
0.621934272	5.627319813	5.777634621	0
0.621945845	5.634845257	5.785163879	0
0.621957441	5.620738506	5.771049976	0
0.621969006	5.633701325	5.78401947	0
0.621980568	5.63504982	5.785368443	0
0.62199215	5.623603821	5.773917198	0
0.622003718	5.619983196	5.770294666	0
0.622015311	5.620341778	5.770653248	0
0.622026874	5.622611046	5.77292347	0
0.62203844	5.629214764	5.779530525	0
0.622050035	5.64015913	5.790480614	0
0.622061587	5.655696392	5.806025028	0
0.62207316	5.633309841	5.78362751	0
0.622084734	5.624471188	5.774784565	0
0.62209633	5.619670391	5.769981384	0
0.622107884	5.610591412	5.760898113	0
0.622119472	5.617706299	5.768016338	0
0.622131052	5.619980335	5.770291805	0
0.622142613	5.617390156	5.767700195	0
0.62215418	5.617492676	5.767802715	0
0.622165763	5.620341778	5.770653248	0
0.622177338	5.620531559	5.770843029	0
0.622188918	5.611157894	5.761464596	0
0.62220048	5.609558106	5.75986433	0
0.622212048	5.599986553	5.75028801	0
0.622223645	5.591273308	5.741570473	0
0.6222352	5.605650425	5.755954742	0
0.62224678	5.572972775	5.72326088	0
0.622258352	5.581951141	5.732243538	0
0.62226994	5.611416817	5.761723518	0
0.622281495	5.615717888	5.766026974	0
0.622293067	5.613994598	5.764302731	0
0.62230465	5.598027706	5.748328209	0
0.622316217	5.595993042	5.746292591	0
0.622327798	5.592013836	5.742311478	0
0.622339368	5.598181248	5.748481751	0
0.622350945	5.5740242	5.724312782	0
0.622362518	5.576354027	5.726644039	0
0.622374101	5.582932472	5.733225822	0
0.62238566	5.573146343	5.723434925	0
0.622397242	5.580812931	5.731104851	0
0.622408817	5.547590733	5.69786644	0
0.622420382	5.541069031	5.691341877	0
0.622431976	5.563047409	5.713330746	0
0.62244353	5.575364113	5.725653648	0
0.622455115	5.570385933	5.720673084	0
0.622466686	5.572292805	5.72258091	0
0.622478262	5.573049069	5.72333765	0
0.622489836	5.577719212	5.728009701	0
0.622501405	5.564836025	5.715120316	0
0.622512977	5.559854031	5.710135937	0
0.622524554	5.571629047	5.721916676	0
0.622536126	5.550811291	5.701088905	0
0.622547697	5.536581039	5.686851502	0
0.622559279	5.534804821	5.685074329	0
0.622570853	5.535346031	5.685616016	0
0.62258243	5.544694901	5.694969654	0
0.622594006	5.543506622	5.693780422	0
0.62260557	5.544326782	5.694601059	0
0.622617143	5.548064232	5.698340416	0
0.622628715	5.54460001	5.694874287	0
0.62264029	5.564563274	5.714847088	0
0.622651868	5.546177387	5.696452618	0
0.622663448	5.544609547	5.694883823	0
0.622675012	5.545931339	5.69620657	0
0.622686588	5.543024063	5.693297863	0
0.622698163	5.531581879	5.681849957	0
0.622709737	5.534070969	5.68434	0
0.622721325	5.5318923	5.682160378	0
0.62273289	5.535966396	5.686236858	0
0.622744465	5.531375885	5.681643963	0
0.622756042	5.530186176	5.680453777	0
0.622767604	5.532110214	5.682378769	0
0.622779181	5.49710083	5.647352219	0
0.622790752	5.495613098	5.645863533	0
0.622802344	5.493896484	5.644145966	0
0.622813919	5.506199837	5.656455517	0
0.62282548	5.52209425	5.672357559	0
0.622837055	5.504183292	5.654438019	0
0.622848624	5.498905659	5.649158001	0
0.622860205	5.46518755	5.615423203	0
0.622871776	5.494350433	5.644600391	0
0.62288335	5.497015476	5.647266865	0
0.622894923	5.47505188	5.625292301	0
0.622906504	5.48255825	5.632802486	0
0.622918067	5.488616943	5.63886404	0
0.622929649	5.484367847	5.63461256	0
0.622941215	5.457715988	5.607947826	0
0.622952803	5.452401638	5.602631092	0
0.622964372	5.456402779	5.60663414	0
0.622975944	5.465435028	5.615671158	0
0.622987513	5.468516827	5.61875391	0
0.622999097	5.467720985	5.617958069	0
0.623010682	5.474647999	5.62488842	0
0.623022233	5.477338791	5.627580166	0
0.623033812	5.460225105	5.610458374	0
0.623045391	5.447525501	5.597752571	0
0.623056958	5.446727276	5.596953869	0
0.623068551	5.446128845	5.596354961	0
0.623080112	5.446214199	5.596440792	0
0.623091695	5.447506428	5.597733498	0
0.623103262	5.450055599	5.6002841	0
0.623114831	5.447683334	5.597910404	0
0.623126404	5.447973251	5.598200321	0
0.623137974	5.446504593	5.596731186	0
0.623149563	5.446783543	5.597010136	0
0.623161122	5.441369534	5.591593742	0
0.623172705	5.438530445	5.588752747	0
0.62318428	5.431948185	5.582167625	0
0.62319586	5.440736294	5.590960026	0
0.623207424	5.437015533	5.587237358	0
0.623218995	5.424307346	5.574522972	0
0.623230567	5.41335249	5.56356287	0
0.62324214	5.403371334	5.553576469	0
0.62325373	5.407065392	5.557272911	0
0.6232653	5.412346363	5.562556267	0
0.623276863	5.422805309	5.573020458	0
0.62328844	5.409270763	5.559479237	0
0.623300018	5.406118393	5.556325436	0
0.623311588	5.400794983	5.550999165	0
0.623323161	5.404483795	5.554689884	0
0.623334755	5.402907848	5.553112984	0
0.623346316	5.381173134	5.531367779	0
0.623357888	5.375712395	5.525904656	0
0.623369459	5.344862938	5.495039463	0
0.623381043	5.357627392	5.507810593	0
0.623392604	5.37305069	5.52324152	0
0.623404198	5.366605282	5.516792774	0
0.623415756	5.37223196	5.522421837	0
0.623427334	5.341926098	5.492101193	0
0.623438904	5.33557272	5.485744953	0
0.623450473	5.357541561	5.507724762	0
0.623462053	5.354060173	5.504241467	0
0.623473637	5.347064972	5.497242928	0
0.623485199	5.332372665	5.482543469	0
0.623496775	5.322595596	5.472761631	0
0.623508362	5.326592922	5.476761341	0
0.623519928	5.332440376	5.482611179	0
0.623531496	5.338719845	5.488893986	0
0.623543066	5.339248657	5.489422798	0
0.623554643	5.318355084	5.468519211	0
0.623566217	5.317630291	5.467793942	0
0.623577791	5.316616535	5.466779232	0
0.623589377	5.305105686	5.455263138	0
0.62360094	5.30973053	5.459890366	0
0.623612517	5.315167904	5.465330601	0
0.623624085	5.316828251	5.466991425	0
0.62363567	5.311308861	5.461469173	0
0.623647234	5.313040257	5.463201523	0
0.623658818	5.303416729	5.453573227	0
0.623670391	5.305634975	5.455792427	0
0.623681957	5.278316021	5.428460598	0
0.62369354	5.270848751	5.420989513	0
0.623705106	5.274103642	5.424245834	0
0.62371668	5.282859325	5.43300581	0
0.62372826	5.27508688	5.425230026	0
0.623739836	5.272123814	5.422265053	0
0.623751402	5.272465229	5.422606945	0
0.623762976	5.274846554	5.424989224	0
0.623774551	5.279085636	5.429230213	0
0.623786144	5.285767555	5.43591547	0
0.623797695	5.280467987	5.430613518	0
0.623809271	5.270693779	5.420834541	0
0.623820858	5.268367767	5.418507099	0
0.623832422	5.270707607	5.42084837	0
0.623843992	5.26632309	5.416461468	0
0.623855566	5.270951271	5.421092033	0
0.623867146	5.252737999	5.402870178	0
0.623878714	5.242332459	5.392459393	0
0.623890297	5.26793623	5.418075562	0
0.623901863	5.271229267	5.421370029	0
0.623913441	5.26474905	5.414886951	0
0.623925032	5.24905014	5.399180412	0
0.623936594	5.247365952	5.39749527	0
0.623948169	5.240314484	5.390439987	0
0.62395974	5.236991406	5.387115955	0
0.623971312	5.237879753	5.388004303	0
0.623982889	5.218997955	5.369112968	0
0.623994462	5.226872921	5.376992226	0
0.624006039	5.216482163	5.366596222	0
0.624017606	5.222592354	5.372709751	0
0.62402918	5.224621296	5.37473917	0
0.624040765	5.221927166	5.37204361	0
0.624052332	5.207239151	5.357348919	0
0.624063905	5.190410614	5.340512276	0
0.624075476	5.189147472	5.339248657	0
0.624087055	5.176383972	5.326478481	0
0.624098638	5.183431625	5.333529472	0
0.624110203	5.176609516	5.326704502	0
0.62412177	5.164718628	5.314807415	0
0.624133354	5.13414669	5.284220696	0
0.624144918	5.147753239	5.297833443	0
0.624156499	5.161736965	5.311824322	0
0.624168073	5.168587208	5.318677902	0
0.624179639	5.149203777	5.299285412	0
0.62419122	5.128324509	5.278395653	0
0.624202795	5.141726017	5.291803837	0
0.624214364	5.129991055	5.280063152	0
0.624225943	5.121276856	5.271344185	0
0.62423752	5.10942173	5.259483814	0
0.624249087	5.108558655	5.258620262	0
0.624260673	5.105802536	5.255862713	0
0.624272233	5.101853848	5.251912117	0
0.624283814	5.111902714	5.261965752	0
0.624295383	5.114191055	5.264255047	0
0.624306955	5.107109547	5.257170677	0
0.62431853	5.096773148	5.246829033	0
0.624330103	5.096599102	5.246654987	0
0.624341685	5.099047661	5.2491045	0
0.624353253	5.090165615	5.240218163	0
0.624364835	5.08011055	5.230158329	0
0.624376401	5.058276177	5.208312988	0
0.624387975	5.065960407	5.216001511	0
0.624399568	5.059123039	5.209160328	0
0.624411124	5.060119152	5.210156918	0
0.624422695	5.034490585	5.184515953	0
0.624434278	5.031275272	5.18129921	0
0.624445848	5.012410641	5.162425041	0
0.624457427	5.029689789	5.179713249	0
0.624469007	5.020606995	5.17062521	0
0.624480568	4.999102593	5.149110317	0
0.624492145	5.016523361	5.166539669	0
0.624503719	5.020413399	5.170432091	0
0.624515289	5.01756382	5.167581081	0
0.62452687	4.998259544	5.148267269	0
0.624538441	5.000159264	5.150167942	0
0.624550013	5.014574528	5.164590359	0
0.624561584	5.008965015	5.158977985	0
twenty min			
0.624573166	4.995501518	5.145508289	0
0.624584741	4.977133274	5.127130508	0
0.624596308	4.980689526	5.130688667	0
0.624607882	4.980269432	5.130268574	0
0.624619468	4.979878902	5.129878044	0
0.624631034	4.977344513	5.127341747	0
0.624642607	4.988199234	5.138201714	0
0.624654178	4.965138435	5.115129948	0
0.624665755	4.971119404	5.121113777	0
0.624677335	4.961297035	5.11128664	0
0.624688911	4.950406551	5.100390911	0
0.624700479	4.938887596	5.088866234	0
0.624712051	4.928138733	5.078112125	0
0.62472363	4.926764965	5.076737881	0
0.6247352	4.920717239	5.070686817	0
0.624746782	4.913444042	5.063410282	0
0.624758347	4.90992403	5.05988884	0
0.624769919	4.889841557	5.039795876	0
0.6247815	4.891664505	5.041620255	0
0.624793069	4.885327339	5.035279751	0
0.624804639	4.883568764	5.033520699	0
0.624816215	4.876516819	5.026464939	0
0.624827808	4.868487835	5.01843214	0
0.62483937	4.840247154	4.990177631	0
0.624850947	4.846413612	4.996346951	0
0.624862517	4.842193127	4.992124558	0
0.624874096	4.849153519	4.999088287	0
0.62488566	4.834433556	4.984361172	0
0.624897245	4.832696438	4.9826231	0
0.624908818	4.804210663	4.954123497	0
0.624920394	4.811277866	4.961194038	0
0.624931968	4.828147888	4.978072166	0
0.624943532	4.814568043	4.964486122	0
0.624955112	4.78489542	4.934799194	0
0.624966688	4.749794006	4.899680138	0
0.624978262	4.75649786	4.906387329	0
0.62498983	4.766058922	4.915953159	0
0.625001409	4.753465176	4.903353214	0
0.625012987	4.736147404	4.886026859	0
0.625024552	4.734594345	4.884473324	0
0.625036132	4.717502117	4.86737299	0
0.625047706	4.725928783	4.875803471	0
0.625059274	4.710468292	4.86033535	0
0.625070851	4.700581074	4.850443363	0
0.625082426	4.710006714	4.859873772	0
0.625094003	4.70695734	4.856822968	0
0.625105567	4.727069855	4.876945019	0
0.625117144	4.722230434	4.872103214	0
0.625128722	4.695670128	4.845530033	0
0.625140289	4.68560648	4.83546114	0
0.625151862	4.660012722	4.809854984	0
0.625163448	4.653625011	4.803464413	0
0.625175023	4.633635521	4.783464909	0
0.625186593	4.613789558	4.763609409	0
0.625198157	4.620479107	4.770302296	0
0.625209735	4.613732338	4.763552189	0
0.625221311	4.571463108	4.721262455	0
0.625232896	4.561141491	4.71093607	0
0.62524446	4.553626537	4.703417301	0
0.625256031	4.531311512	4.681091309	0
0.625267608	4.524955273	4.674732208	0
0.625279181	4.490391731	4.640151501	0
0.625290759	4.490405083	4.640164852	0
0.625302333	4.505133629	4.654900551	0
0.625313912	4.495195866	4.644958019	0
0.625325485	4.504655838	4.65442276	0
0.625337054	4.489862442	4.639622212	0
0.625348628	4.495323181	4.645085335	0
0.6253602	4.487644196	4.637402535	0
0.625371775	4.462472916	4.612218857	0
0.625383345	4.379926682	4.529632568	0
0.62539492	4.397266865	4.546981335	0
0.625406497	4.403463364	4.553180695	0
0.625418073	4.410536289	4.560256958	0
0.625429642	4.404888153	4.554605961	0
0.625441221	4.392838478	4.542550564	0
0.625452801	4.354965687	4.504659176	0
0.625464368	4.330564022	4.480246067	0
0.625475945	4.330890656	4.480572701	0
0.62548751	4.348923683	4.498614311	0
0.625499086	4.349242687	4.498933315	0
0.625510664	4.348260403	4.497951031	0
0.625522231	4.29720211	4.446867943	0
0.625533812	4.274525642	4.424179554	0
0.625545381	4.272959232	4.422612667	0
0.625556962	4.298184872	4.447850704	0
0.625568527	4.307683945	4.457354546	0
0.625580104	4.265720844	4.415370941	0
0.625591676	4.24772501	4.397366047	0
0.625603271	4.237030029	4.386666298	0
0.625614829	4.231516361	4.381149769	0
0.625626411	4.226846695	4.376477718	0
0.625637973	4.218956947	4.368584156	0
0.625649561	4.207891941	4.357513905	0
0.625661122	4.17824173	4.327848911	0
0.625672697	4.170963287	4.320566654	0
0.625684269	4.168194771	4.317797184	0
0.625695854	4.170411587	4.320014954	0
0.625707428	4.14751482	4.29710722	0
0.625718994	4.150722027	4.300316334	0
0.625730572	4.131933689	4.281517983	0
0.625742138	4.130469322	4.280053139	0
0.625753714	4.107102394	4.256674767	0
0.62576529	4.105068207	4.254640102	0
0.625776865	4.10451746	4.254088879	0
0.625788434	4.096650124	4.246217728	0
0.625800015	4.090714455	4.240279198	0
0.625811605	4.079360962	4.22892046	0
0.62582316	4.086788178	4.236350536	0
0.625834732	4.090388775	4.239953041	0
0.625846313	4.084029198	4.233590603	0
0.625857882	4.056449413	4.205997467	0
0.625869476	4.056663036	4.20621109	0
0.625881028	4.061277866	4.210828304	0
0.625892608	4.059021473	4.20857048	0
0.625904187	4.053820133	4.203366756	0
0.625915753	4.012462616	4.161989212	0
0.625927338	4.008423805	4.157948017	0
0.625938908	4.01657486	4.166103363	0
0.625950493	4.011363506	4.160889626	0
0.625962051	4.024226189	4.173758507	0
0.625973628	4.0287323	4.178267002	0
0.625985213	4.007141113	4.156664848	0
0.625996779	4.010483742	4.160009384	0
0.62600835	3.99963069	4.149150848	0
0.626019922	4.007736206	4.157260418	0
0.626031512	3.995561361	4.145079613	0
0.626043064	3.920683861	4.070165634	0
0.626054641	3.918821812	4.068302631	0
0.626066216	3.929423332	4.07890892	0
0.626077789	3.93852973	4.088020325	0
0.62608936	3.917644501	4.067124844	0
0.626100934	3.914693117	4.064171791	0
0.626112513	3.898030281	4.04750061	0
0.626124089	3.90328455	4.05275774	0
0.626135659	3.909794331	4.059270859	0
0.626147234	3.91119504	4.060672283	0
0.62615881	3.888325691	4.037791252	0
0.626170385	3.887794495	4.037260056	0
0.62618196	3.889534235	4.039000511	0
0.626193545	3.885843277	4.035307884	0
0.626205107	3.885650635	4.035115242	0
0.626216679	3.878621578	4.028082371	0
0.626228249	3.877512932	4.026973248	0
0.626239828	3.860739946	4.010192394	0
0.626251403	3.853468657	4.00291729	0
0.626262974	3.858948469	4.008399963	0
0.626274547	3.855320692	4.004770279	0
0.626286122	3.842542887	3.991986513	0
0.626297704	3.851951838	4.001399994	0
0.62630927	3.849785328	3.999232292	0
0.626320845	3.846042156	3.995487452	0
0.626332438	3.839477062	3.98891902	0
0.626343992	3.798699617	3.948121548	0
0.626355573	3.794898033	3.944318056	0
0.626367141	3.80260706	3.952031136	0
0.626378722	3.797878265	3.947299957	0
0.626390301	3.815692902	3.965123177	0
0.626401871	3.82469821	3.974132776	0
0.626413438	3.808763027	3.958189964	0
0.626425017	3.800860405	3.950283527	0
0.626436584	3.805410624	3.954835892	0
0.626448157	3.799843788	3.949266434	0
0.626459733	3.806218863	3.955644608	0
0.626471312	3.764965773	3.914371252	0
0.626482891	3.741995335	3.891389608	0
0.626494464	3.761075258	3.91047883	0
0.626506038	3.766221046	3.915627241	0
0.626517604	3.777011871	3.926423311	0
0.626529175	3.759925604	3.909328699	0
0.626540752	3.763156414	3.912561178	0
0.626552326	3.75725317	3.906655073	0
0.626563909	3.74552846	3.894924641	0
0.626575474	3.751760244	3.901159287	0
0.626587058	3.736154318	3.885545731	0
0.626598641	3.712045431	3.861425161	0
0.626610201	3.713366985	3.862747192	0
0.62662177	3.730238438	3.879627228	0
0.626633345	3.727848053	3.877235413	0
0.626644916	3.723589659	3.872975111	0
0.626656493	3.712304592	3.861684561	0
0.626668067	3.720077038	3.869460821	0
0.626679648	3.706188679	3.855565548	0
0.626691224	3.707979202	3.857357025	0
0.626702788	3.705366373	3.854742765	0
0.626714364	3.706463099	3.855839968	0
0.626725934	3.702260494	3.851635456	0
0.62673751	3.697072744	3.846445084	0
0.626749085	3.687905788	3.837273836	0
0.626760659	3.696635485	3.846007586	0
0.626772252	3.702363491	3.851738691	0
0.626783806	3.705502272	3.854878902	0
0.626795383	3.697142601	3.846515179	0
0.626806967	3.674257994	3.823619366	0
0.62681853	3.679447174	3.82881093	0
0.626830108	3.668503285	3.817861795	0
0.626841679	3.682280064	3.83164525	0
0.626853263	3.699778795	3.849152327	0
0.626864833	3.710364342	3.859743357	0
0.626876397	3.716917276	3.866299391	0
0.626887976	3.711185217	3.86056447	0
0.626899556	3.71513176	3.86451292	0
0.62691113	3.712578774	3.861958742	0
0.626922701	3.70653224	3.855909348	0
0.626934272	3.704973459	3.854349613	0
0.626945843	3.704820156	3.85419631	0
0.626957417	3.70472455	3.854100704	0
0.626968998	3.707152128	3.856529474	0
0.626980563	3.708521843	3.857899904	0
0.626992143	3.704482079	3.853857994	0
0.627003725	3.70251894	3.851893902	0
0.627015287	3.703780413	3.85315609	0
0.627026899	3.705303669	3.8546803	0
0.627038434	3.707233429	3.856610775	0
0.627050012	3.70668745	3.856064558	0
0.627061586	3.704581499	3.853957653	0
0.627073168	3.705430269	3.854806662	0
0.627084739	3.703096628	3.852471829	0
0.627096317	3.705670595	3.855046988	0
0.62710788	3.705297232	3.854673624	0
0.627119463	3.704138041	3.853513718	0
0.627131038	3.70126009	3.850634575	0
0.627142491	3.686323643	3.835690737	0
0.627154186	3.696755648	3.846127749	0
0.627165751	3.701151848	3.850526333	0
0.627177329	3.703413963	3.852789402	0
0.627188905	3.706325293	3.855702162	0
0.627200478	3.706917763	3.85629487	0
0.62721205	3.708214521	3.857592344	0
0.627223625	3.712651253	3.862031221	0
0.627235205	3.711598635	3.860978127	0
0.627246773	3.716200829	3.865582705	0
0.627258356	3.717096806	3.86647892	0
0.627269935	3.709159374	3.858537674	0
0.627281491	3.706388235	3.855765104	0
0.627293064	3.705774069	3.8551507	0
0.627304642	3.7023983	3.851773262	0
0.627316215	3.699860096	3.849233866	0
0.627327801	3.689426899	3.838795662	0
0.627339366	3.675540447	3.824902296	0
0.627350934	3.67680335	3.826165915	0
0.627362507	3.668101549	3.817459822	0
0.627374096	3.66674614	3.816103935	0
0.627385657	3.66263175	3.8119874	0
0.627397252	3.658115625	3.807468891	0
0.627408812	3.662539482	3.811894894	0
0.62742038	3.665763855	3.815120935	0
0.627431957	3.672069788	3.821429968	0
0.627443532	3.667452335	3.81681037	0
0.627455105	3.663221121	3.812577009	0
0.627466677	3.660967827	3.810322762	0
0.627478248	3.662027597	3.811383009	0
0.627489826	3.660731077	3.810085774	0
0.627501405	3.661392689	3.810747623	0
0.627512973	3.661857367	3.81121254	0
0.627524546	3.659927845	3.809282064	0
0.62753612	3.658887148	3.808240891	0
0.627547701	3.65790534	3.807258606	0
0.627559279	3.650305748	3.799655199	0
0.627570842	3.658322573	3.807676077	0
0.627582421	3.656353712	3.805706263	0
0.627594011	3.655543804	3.804896116	0
0.627605568	3.644877672	3.794224501	0
0.627617137	3.644093752	3.793440342	0
0.627628722	3.633656979	3.782998323	0
0.627640289	3.643138409	3.792484522	0
0.627651868	3.636296988	3.785639763	0
0.627663456	3.621511459	3.770847082	0
0.627675016	3.6226964	3.772032499	0
0.627686595	3.620857716	3.770192862	0
0.627698155	3.620904207	3.770239592	0
0.627709732	3.618669033	3.768003225	0
0.627721317	3.615756035	3.765088797	0
0.627732883	3.605480433	3.754808188	0
0.627744455	3.612663984	3.761995316	0
0.627756029	3.601488352	3.750814199	0
0.627767606	3.591527939	3.74084878	0
0.627779192	3.60708952	3.75641799	0
0.627790755	3.605690479	3.755018234	0
0.627802329	3.608739138	3.758068562	0
0.627813896	3.614711762	3.764043808	0
0.627825478	3.617479801	3.766813278	0
0.627837056	3.618635416	3.767969608	0
0.627848631	3.622442961	3.771778822	0
0.627860193	3.621845007	3.77118063	0
0.627871773	3.620031595	3.769366503	0
0.627883354	3.622907877	3.772244215	0
0.627894921	3.62634778	3.775685787	0
0.627906498	3.620942116	3.7702775	0
0.627918065	3.614438057	3.763770104	0
0.627929639	3.617290497	3.766623974	0
0.627941215	3.616445541	3.765778542	0
0.627952799	3.61980629	3.769141197	0
0.62796436	3.622372389	3.771708489	0
0.627975941	3.621616364	3.770951986	0
0.62798752	3.62323451	3.772570849	0
0.627999089	3.619626284	3.768960714	0
0.628010669	3.616429806	3.765762806	0
0.628022236	3.622347832	3.771683693	0
0.628033813	3.626887798	3.776225805	0
0.628045391	3.629420042	3.77875948	0
0.628056964	3.621946573	3.771282435	0
0.628068536	3.627098799	3.776437283	0
0.6280801	3.624402285	3.773739338	0
0.628091686	3.626198053	3.775535822	0
0.628103261	3.62609601	3.775433779	0
0.628114823	3.633479595	3.78282094	0
0.628126398	3.638347387	3.787691116	0
0.628137977	3.638750315	3.788094282	0
0.628149552	3.631781578	3.781122208	0
0.628161129	3.625612497	3.774950028	0
0.628172694	3.624744177	3.77408123	0
0.628184268	3.622890234	3.772226572	0
0.62819584	3.627116203	3.776454449	0
0.628207423	3.632230759	3.781571627	0
0.628218995	3.626536131	3.775874138	0
0.628230564	3.637609243	3.786952734	0
0.628242143	3.638433456	3.787777424	0
0.628253718	3.632741451	3.782082558	0
0.628265291	3.632695437	3.782036543	0
0.628276871	3.632161379	3.781502008	0
0.628288433	3.625443697	3.774781227	0
0.62830002	3.628834963	3.778174162	0
0.628311589	3.633480549	3.782821894	0
0.628323167	3.63779664	3.787140131	0
0.628334735	3.641192436	3.790537596	0
0.628346312	3.641845942	3.791191578	0
0.628357886	3.631432772	3.780773163	0
