0.604298237	3.69E-07	2.366533041	2.441388369	2.366533041
0.604309781	0.005592	2.363891363	2.44698	2.363891363
0.604321359	-0.008179534	2.370400906	2.433208466	2.370400906
0.604332971	0.014606368	2.359636784	2.455994368	2.359636784
0.604344524	0.016447913	2.358768225	2.457835913	2.358768225
0.60435609	0.006193291	2.363607407	2.447581291	2.363607407
0.604367661	0.002754342	2.365231752	2.444142342	2.365231752
0.604379251	-0.00424682	2.368540764	2.43714118	2.368540764
0.604390819	0.010112177	2.361757278	2.451500177	2.361757278
0.604402385	-0.003003229	2.367952824	2.438384771	2.367952824
0.604413963	0.004137169	2.364578486	2.445525169	2.364578486
0.60442553	-0.01130544	2.371880055	2.43008256	2.371880055
0.604437108	-0.016008008	2.374106407	2.425379992	2.374106407
0.604448675	-0.016829599	2.374495506	2.424558401	2.374495506
0.604460246	0.024732243	2.354863405	2.466120243	2.354863405
0.604471835	-0.015893806	2.374052286	2.425494194	2.374052286
0.604483403	-0.030106414	2.380789042	2.411281586	2.380789042
0.604494969	-0.010276187	2.371392965	2.431111813	2.371392965
0.604506569	0.001701247	2.365729332	2.443089247	2.365729332
0.604518135	-0.013117183	2.372737646	2.428270817	2.372737646
0.604529702	-0.001152862	2.367078066	2.440235138	2.367078066
0.604541268	-0.006094564	2.369414568	2.435293436	2.369414568
0.604552857	-0.001435865	2.367211819	2.439952135	2.367211819
0.604564423	0.00853027	2.362504005	2.44991827	2.362504005
0.604575996	0.013696086	2.360066176	2.455084086	2.360066176
0.604587563	0.004879366	2.36422801	2.446267366	2.36422801
0.604599134	0.009992968	2.361813545	2.451380968	2.361813545
0.604610724	-0.008499015	2.370552063	2.432888985	2.370552063
0.604622302	-0.009524454	2.371037245	2.431863546	2.371037245
0.604633868	-0.013753761	2.373039007	2.427634239	2.373039007
0.604645445	-0.00061499	2.366823912	2.44077301	2.366823912
0.604657012	0.009718787	2.361943007	2.451106787	2.361943007
0.604668599	-0.004756082	2.368781567	2.436631918	2.368781567
0.604680165	0.009791504	2.361908674	2.451179504	2.361908674
0.604691743	0.008232247	2.362644672	2.449620247	2.362644672
0.604703309	-0.007542003	2.370099306	2.433845997	2.370099306
0.60471488	-0.007292617	2.369981289	2.434095383	2.369981289
0.604726469	-0.005730499	2.36924243	2.435657501	2.36924243
0.60473804	0.00219072	2.365498066	2.44357872	2.365498066
0.604749607	-0.005158771	2.368972063	2.436229229	2.368972063
0.604761182	-0.006400932	2.369559526	2.434987068	2.369559526
0.604772748	0.014085661	2.359882355	2.455473661	2.359882355
0.604784341	0.014046322	2.359900951	2.455434322	2.359900951
0.604795907	0.00642265	2.363499165	2.44781065	2.363499165
0.604807487	-0.017400611	2.374765873	2.423987389	2.374765873
0.604819053	-0.002960313	2.367932558	2.438427687	2.367932558
0.604830625	-0.00791489	2.370275736	2.43347311	2.370275736
0.604842215	0.003519904	2.364870071	2.444907904	2.364870071
0.604853767	0.019177805	2.357481003	2.460565805	2.357481003
0.604865357	0.014877211	2.359508991	2.456265211	2.359508991
0.604876931	0.065000187	2.335942268	2.506388187	2.335942268
0.604888497	0.075266015	2.331134319	2.516654015	2.331134319
0.604900071	0.073541771	2.331941366	2.514929771	2.331941366
0.604911637	0.099379193	2.319865704	2.540767193	2.319865704
0.604923214	0.107712637	2.315979481	2.549100637	2.315979481
0.604934803	0.134857308	2.303349495	2.576245308	2.303349495
0.604946372	0.21603192	2.265842438	2.65741992	2.265842438
0.604957938	0.252367627	2.24917984	2.693755627	2.24917984
0.604969508	0.312674414	2.221696138	2.754062414	2.221696138
0.604981097	0.359108101	2.200679541	2.800496101	2.200679541
0.604992671	0.456688057	2.156920433	2.898076057	2.156920433
0.605004237	0.586926114	2.099365234	3.028314114	2.099365234
0.605015825	0.599556099	2.093834877	3.040944099	2.093834877
0.605027391	0.645692717	2.073709011	3.087080717	2.073709011
0.605038954	0.663760077	2.065860033	3.105148077	2.065860033
0.605050543	0.608474623	2.089935064	3.049862623	2.089935064
0.605062118	0.730009686	2.037235022	3.171397686	2.037235022
0.605073684	0.736903082	2.034270525	3.178291082	2.034270525
0.605085255	0.715605628	2.043437958	3.156993628	2.043437958
0.605096845	0.693628918	2.052924156	3.135016918	2.052924156
0.605108418	0.667936932	2.064048052	3.109324932	2.064048052
0.605119984	0.703613173	2.048611164	3.145001173	2.048611164
0.605131561	0.764905345	2.022255182	3.206293345	2.022255182
0.605143128	0.775658261	2.01765275	3.217046261	2.01765275
0.605154725	0.796594035	2.008710146	3.237982035	2.008710146
0.605166269	0.883587491	1.971808195	3.324975491	1.971808195
0.605177847	0.936378609	1.949615121	3.377766609	1.949615121
0.605189437	0.864898335	1.979701161	3.306286335	1.979701161
0.605201008	0.88881601	1.969603419	3.33020401	1.969603419
0.605212574	0.939191233	1.948436856	3.380579233	1.948436856
0.605224154	0.948268782	1.944637299	3.389656782	1.944637299
0.605235721	0.984577071	1.929483891	3.425965071	1.929483891
0.605247295	1.037925135	1.907346964	3.479313135	1.907346964
0.605258861	1.121696126	1.872890949	3.563084126	1.872890949
0.605270458	1.223910224	1.831348896	3.665298224	1.831348896
0.605282024	1.240274798	1.824748516	3.681662798	1.824748516
0.605293598	1.26889671	1.813237786	3.71028471	1.813237786
0.605305164	1.175684344	1.850880861	3.617072344	1.850880861
0.605316739	1.23021115	1.828805924	3.67159915	1.828805924
0.605328328	1.265544545	1.814583778	3.706932545	1.814583778
0.605339897	1.247900378	1.821677685	3.689288378	1.821677685
0.605351487	1.261820685	1.816079617	3.703208685	1.816079617
0.605363036	1.268318307	1.813470006	3.709706307	1.813470006
0.605374625	1.282858025	1.807638407	3.724246025	1.807638407
0.605386194	1.248149764	1.821577311	3.689537764	1.821577311
0.60539776	1.255815875	1.818493247	3.697203875	1.818493247
0.605409329	1.256636035	1.818163395	3.698024035	1.818163395
0.605420918	1.27481569	1.81086266	3.71620369	1.81086266
0.605432487	1.307695281	1.797701836	3.749083281	1.797701836
0.605444054	1.325080525	1.790765405	3.766468525	1.790765405
0.605455635	1.330720793	1.788518429	3.772108793	1.788518429
0.605467201	1.37132753	1.772389054	3.81271553	1.772389054
0.605478778	1.389299285	1.765277386	3.830687285	1.765277386
0.605490367	1.376476656	1.77034986	3.817864656	1.77034986
0.605501937	1.335019003	1.78680718	3.776407003	1.78680718
0.605513527	1.542227875	1.705422044	3.983615875	1.705422044
0.605525074	1.602250229	1.682249427	4.043638229	1.682249427
0.605536664	1.648337018	1.664577961	4.089725018	1.664577961
0.605548222	1.530728709	1.709881902	3.972116709	1.709881902
0.605559811	1.501370083	1.721298456	3.942758083	1.721298456
0.605571387	1.563303124	1.697265148	4.004691124	1.697265148
0.605582953	1.603998314	1.681577325	4.045386314	1.681577325
0.605594536	1.639825474	1.667833805	4.081213474	1.667833805
0.605606102	1.654617917	1.662177801	4.096005917	1.662177801
0.605617668	1.562258851	1.697668791	4.003646851	1.697668791
0.605629257	1.494885336	1.723825932	3.936273336	1.723825932
0.605640814	1.561555516	1.697940826	4.002943516	1.697940826
0.605652404	1.698456418	1.645478845	4.139844418	1.645478845
0.605663965	1.78268398	1.613657951	4.22407198	1.613657951
0.605675554	1.838368069	1.5928092	4.279756069	1.5928092
0.605687126	1.781161439	1.614230037	4.222549439	1.614230037
0.605698693	1.785686623	1.612529874	4.227074623	1.612529874
0.605710264	1.753506791	1.624642015	4.194894791	1.624642015
0.605721854	1.785726201	1.612514973	4.227114201	1.612514973
0.605733408	1.790753018	1.610627532	4.232141018	1.610627532
0.605744998	1.865570675	1.582678437	4.306958675	1.582678437
0.60575657	1.987273823	1.537785292	4.428661823	1.537785292
0.605768136	2.007882248	1.530252814	4.449270248	1.530252814
0.605779707	2.021549355	1.525268316	4.462937355	1.525268316
0.605791296	1.968849789	1.544536471	4.410237789	1.544536471
0.605802865	1.947409283	1.552412987	4.388797283	1.552412987
0.605814454	1.932724129	1.557820439	4.374112129	1.557820439
0.605826029	1.913074624	1.565071702	4.354462624	1.565071702
0.605837573	1.858902585	1.585158467	4.300290585	1.585158467
0.605849152	1.76662172	1.619699597	4.20800972	1.619699597
0.605860741	1.841492306	1.59164381	4.282880306	1.59164381
0.605872314	1.91916288	1.562823057	4.36055088	1.562823057
0.605883881	1.784986149	1.612792969	4.226374149	1.612792969
0.60589545	1.798437726	1.607744455	4.239825726	1.607744455
0.605907017	1.829331051	1.596182585	4.270719051	1.596182585
0.605918608	1.848553311	1.589011788	4.289941311	1.589011788
0.605930174	1.815929066	1.601192713	4.257317066	1.601192713
0.605941743	1.830003392	1.59593153	4.271391392	1.59593153
0.605953332	1.936784875	1.556324005	4.378172875	1.556324005
0.6059649	1.957780015	1.548600316	4.399168015	1.548600316
0.60597649	1.914398324	1.564582706	4.355786324	1.564582706
0.605988035	1.956874978	1.548932791	4.398262978	1.548932791
0.605999624	1.951836716	1.550784707	4.393224716	1.550784707
0.606011195	2.01664127	1.52705729	4.45802927	1.52705729
0.606022785	2.060348641	1.511165738	4.501736641	1.511165738
0.606034353	2.096050393	1.498250961	4.537438393	1.498250961
0.60604592	2.117580544	1.49049139	4.558968544	1.49049139
0.606057494	2.121492516	1.489083648	4.562880516	1.489083648
0.60606906	2.130496155	1.485846758	4.571884155	1.485846758
0.606080635	2.093776833	1.499071598	4.535164833	1.499071598
0.606092225	2.050381791	1.514781594	4.491769791	1.514781594
0.606103799	1.955908906	1.549287796	4.397296906	1.549287796
0.606115365	1.923129689	1.56135881	4.364517689	1.56135881
0.60612694	1.977155339	1.541491032	4.418543339	1.541491032
0.606138506	1.997927319	1.533888817	4.439315319	1.533888817
0.606150093	1.955615651	1.54939568	4.397003651	1.54939568
0.606161682	1.88524593	1.575372934	4.32663393	1.575372934
0.606173228	1.948520314	1.552004337	4.389908314	1.552004337
0.606184817	2.071676861	1.507061362	4.513064861	1.507061362
0.606196372	2.13789333	1.48319006	4.57928133	1.48319006
0.606207961	2.124457013	1.48801744	4.565845013	1.48801744
0.60621953	2.196442734	1.462251425	4.637830734	1.462251425
0.606231119	2.288015973	1.429817319	4.729403973	1.429817319
0.606242686	2.33833326	1.412157536	4.77972126	1.412157536
0.606254252	2.346964966	1.409139633	4.788352966	1.409139633
0.606265832	2.388001095	1.394837499	4.829389095	1.394837499
0.606277398	2.436951768	1.377875328	4.878339768	1.377875328
0.60628899	2.426613938	1.381448746	4.868001938	1.381448746
0.606300556	2.405220639	1.388858557	4.846608639	1.388858557
0.606312132	2.352641713	1.407156587	4.794029713	1.407156587
0.606323699	2.399079453	1.390989304	4.840467453	1.390989304
0.606335262	2.372793805	1.400128841	4.814181805	1.400128841
0.606346852	2.284508835	1.431052566	4.725896835	1.431052566
0.606358418	2.299384724	1.425817251	4.740772724	1.425817251
0.606369984	2.413159501	1.386106372	4.854547501	1.386106372
0.606381577	2.472700249	1.365555406	4.914088249	1.365555406
0.606393144	2.44882549	1.373777032	4.89021349	1.373777032
0.606404712	2.400046002	1.390653849	4.841434002	1.390653849
0.606416302	2.479346882	1.363270879	4.920734882	1.363270879
0.606427875	2.536124837	1.343836188	4.977512837	1.343836188
0.606439442	2.540473591	1.342353463	4.981861591	1.342353463
0.606451024	2.574526917	1.330771565	5.015914917	1.330771565
0.60646259	2.570077073	1.332282186	5.011465073	1.332282186
0.606474176	2.563695084	1.334450126	5.005083084	1.334450126
0.606485742	2.478955876	1.363405228	4.920343876	1.363405228
0.60649731	2.349280011	1.408330798	4.790668011	1.408330798
0.606508876	2.325922143	1.416502953	4.767310143	1.416502953
0.60652045	2.421694886	1.383150697	4.863082886	1.383150697
0.606532039	2.428324353	1.380857229	4.869712353	1.380857229
0.606543609	2.476024758	1.364412427	4.917412758	1.364412427
0.606555175	2.573329579	1.33117795	5.014717579	1.33117795
0.606566753	2.571469437	1.331809402	5.012857437	1.331809402
0.606578342	2.519950043	1.34935832	4.961338043	1.34935832
0.606589914	2.469427239	1.36668098	4.910815239	1.36668098
0.606601481	2.439361703	1.377043009	4.880749703	1.377043009
0.60661305	2.457523476	1.370778799	4.898911476	1.370778799
0.606624617	2.501469266	1.355681658	4.942857266	1.355681658
0.606636196	2.583583008	1.327700138	5.024971008	1.327700138
0.606647786	2.575981747	1.33027792	5.017369747	1.33027792
0.606659357	2.517762314	1.35010612	4.959150314	1.35010612
0.606670923	2.481627118	1.362487674	4.923015118	1.362487674
0.606682496	2.344797741	1.409897089	4.786185741	1.409897089
0.606694063	2.310982358	1.421742797	4.752370358	1.421742797
0.606705654	2.43036617	1.380151153	4.87175417	1.380151153
0.606717244	2.454763543	1.371729851	4.896151543	1.371729851
0.6067288	2.488093506	1.360267758	4.929481506	1.360267758
0.606740366	2.547073018	1.340104938	4.988461018	1.340104938
0.606751953	2.557544362	1.336541176	4.998932362	1.336541176
0.606763519	2.554368626	1.33762157	4.995756626	1.33762157
0.606775113	2.584791314	1.327290535	5.026179314	1.327290535
0.606786656	2.630973469	1.311684966	5.072361469	1.311684966
0.606798248	2.641265523	1.308219791	5.082653523	1.308219791
0.606809814	2.664477002	1.300421596	5.105865002	1.300421596
0.606821387	2.756332528	1.269788981	5.197720528	1.269788981
0.606832977	2.810265194	1.251971126	5.251653194	1.251971126
0.606844551	2.809939038	1.252078533	5.251327038	1.252078533
0.606856117	2.791650902	1.258106709	5.233038902	1.258106709
0.606867675	2.780440461	1.261809111	5.221828461	1.261809111
0.606879264	2.773282181	1.264175892	5.214670181	1.264175892
0.606890856	2.777208458	1.262877464	5.218596458	1.262877464
0.6069024	2.768817555	1.265653253	5.210205555	1.265653253
0.606913972	2.754656922	1.270344496	5.196044922	1.270344496
0.606925561	2.677117001	1.296184778	5.118505001	1.296184778
0.606937137	2.686423909	1.29306972	5.127811909	1.29306972
0.606948703	2.693320881	1.290763497	5.134708881	1.290763497
0.606960273	2.748452317	1.272402763	5.189840317	1.272402763
0.606971862	2.777999054	1.262616158	5.219387054	1.262616158
0.60698344	2.716446053	1.283046126	5.157834053	1.283046126
0.606995006	2.754152905	1.270511627	5.195540905	1.270511627
0.607006575	2.741817128	1.274605632	5.183205128	1.274605632
0.607018142	2.781764161	1.261371613	5.223152161	1.261371613
0.607029732	2.786400925	1.259840012	5.227788925	1.259840012
0.607041298	2.786465775	1.259818554	5.227853775	1.259818554
0.607052895	2.829177033	1.245752335	5.270565033	1.245752335
0.607064438	2.814396988	1.250611186	5.255784988	1.250611186
0.607076029	2.798393857	1.255882382	5.239781857	1.255882382
0.607087595	2.829547059	1.24563086	5.270935059	1.24563086
0.607099162	2.833450924	1.244349122	5.274838924	1.244349122
0.607110751	2.85710014	1.236598015	5.29848814	1.236598015
0.607122319	2.900519024	1.222428799	5.341907024	1.222428799
0.607133885	2.92100681	1.215770245	5.36239481	1.215770245
0.607145455	2.937823903	1.210317731	5.379211903	1.210317731
0.607157045	2.932301652	1.212106943	5.373689652	1.212106943
0.607168616	2.952662121	1.205516696	5.394050121	1.205516696
0.607180182	2.917045247	1.217056274	5.358433247	1.217056274
0.607191773	2.884631287	1.227604389	5.326019287	1.227604389
0.607203344	2.863386761	1.234541535	5.304774761	1.234541535
0.607214911	2.83597387	1.243520975	5.27736187	1.243520975
0.607226478	2.86378492	1.234411359	5.30517292	1.234411359
0.607238059	2.838078629	1.242830396	5.279466629	1.242830396
0.607249625	2.843605172	1.241018176	5.284993172	1.241018176
0.607261215	2.803940903	1.25405407	5.245328903	1.25405407
0.607272804	2.804021489	1.254027486	5.245409489	1.254027486
0.607284351	2.804800164	1.253770948	5.246188164	1.253770948
0.607295941	2.81118406	1.251668572	5.25257206	1.251668572
0.607307509	2.791433465	1.258178473	5.232821465	1.258178473
0.607319075	2.817232262	1.249678373	5.258620262	1.249678373
0.607330653	2.812863003	1.251115918	5.254251003	1.251115918
0.607342242	2.761732709	1.267999291	5.203120709	1.267999291
0.607353808	2.770131718	1.265218377	5.211519718	1.265218377
0.607365378	2.799725186	1.255443454	5.241113186	1.255443454
0.607376967	2.851507794	1.238428712	5.292895794	1.238428712
0.607388513	2.856163155	1.236904621	5.297551155	1.236904621
0.607400106	2.875439297	1.230603576	5.316827297	1.230603576
0.607411674	2.885634553	1.227277279	5.327022553	1.227277279
0.607423245	2.872048985	1.231710672	5.313436985	1.231710672
0.607434816	2.884796273	1.227550507	5.326184273	1.227550507
0.60744641	2.86392368	1.234366059	5.30531168	1.234366059
0.607457978	2.839599263	1.242331624	5.280987263	1.242331624
0.607469563	2.860755574	1.235402107	5.302143574	1.235402107
0.607481108	2.852953087	1.23795557	5.294341087	1.23795557
0.6074927	2.849548947	1.239070416	5.290936947	1.239070416
0.607504268	2.888707291	1.226275563	5.330095291	1.226275563
0.607515839	2.889528882	1.226007819	5.330916882	1.226007819
0.60752741	2.904399525	1.221166253	5.345787525	1.221166253
0.60753898	2.917189251	1.217009544	5.358577251	1.217009544
0.607550569	2.915639054	1.217513084	5.357027054	1.217513084
0.607562136	2.918026578	1.216737747	5.359414578	1.216737747
0.607573706	2.913583886	1.218180656	5.354971886	1.218180656
0.607585296	2.897465836	1.223422527	5.338853836	1.223422527
0.607596861	2.888856064	1.226227045	5.330244064	1.226227045
0.607608437	2.875976216	1.230428338	5.317364216	1.230428338
0.607620011	2.88701595	1.226826906	5.32840395	1.226826906
0.607631602	2.848334443	1.239468217	5.289722443	1.239468217
0.607643154	2.840118538	1.242161393	5.281506538	1.242161393
0.607654745	2.87412275	1.231033444	5.31551075	1.231033444
0.607666317	2.876522194	1.23025012	5.317910194	1.23025012
0.607677888	2.881546628	1.228610516	5.322934628	1.228610516
0.607689466	2.894076478	1.224526167	5.335464478	1.224526167
0.607701038	2.890871178	1.225570321	5.332259178	1.225570321
0.607712609	2.869620453	1.23250401	5.311008453	1.23250401
0.607724184	2.832050454	1.244808793	5.273438454	1.244808793
0.607735751	2.835998665	1.243512869	5.277386665	1.243512869
0.607747321	2.842868458	1.241259694	5.284256458	1.241259694
0.607758888	2.85379089	1.23768115	5.29517889	1.23768115
0.607770479	2.85856403	1.236119032	5.29995203	1.236119032
0.607782047	2.862267148	1.234907746	5.303655148	1.234907746
0.607793615	2.833659779	1.244280458	5.275047779	1.244280458
0.607805186	2.793559205	1.257477045	5.234947205	1.257477045
0.60781678	2.80002607	1.255344391	5.24141407	1.255344391
0.607828351	2.769014489	1.265588164	5.210402489	1.265588164
0.607839927	2.736147534	1.276489377	5.177535534	1.276489377
0.607851495	2.763951432	1.267264485	5.205339432	1.267264485
0.607863075	2.785448681	1.260154367	5.226836681	1.260154367
0.607874644	2.769101273	1.265559435	5.210489273	1.265559435
0.607886212	2.768585812	1.265729904	5.209973812	1.265729904
0.60789778	2.778655659	1.262399077	5.220043659	1.262399077
0.607909351	2.776393544	1.263146877	5.217781544	1.263146877
0.607920946	2.76641811	1.266447544	5.20780611	1.266447544
0.607932512	2.740890633	1.27491343	5.182278633	1.27491343
0.607944075	2.734662186	1.276983142	5.176050186	1.276983142
0.607955662	2.720698964	1.281629324	5.162086964	1.281629324
0.607967234	2.749651562	1.272004843	5.191039562	1.272004843
0.607978828	2.726516377	1.27969265	5.167904377	1.27969265
0.607990374	2.734532487	1.277026296	5.175920487	1.277026296
0.608001948	2.727108132	1.279495716	5.168496132	1.279495716
0.608013537	2.697580945	1.289340138	5.138968945	1.289340138
0.608025105	2.701817166	1.287925482	5.143205166	1.287925482
0.608036679	2.696194302	1.289803386	5.137582302	1.289803386
0.608048245	2.71692146	1.282887816	5.15830946	1.282887816
0.608059837	2.707782876	1.285934568	5.149170876	1.285934568
0.608071403	2.708455693	1.285710096	5.149843693	1.285710096
0.608082981	2.691870343	1.291248322	5.133258343	1.291248322
0.60809457	2.733575474	1.277344465	5.174963474	1.277344465
0.608106127	2.715171467	1.283470869	5.156559467	1.283470869
0.608117699	2.723940026	1.280550122	5.165328026	1.280550122
0.608129295	2.710046898	1.285179377	5.151434898	1.285179377
0.60814084	2.717563283	1.282673955	5.158951283	1.282673955
0.608152425	2.715382706	1.283400536	5.156770706	1.283400536
0.608163997	2.704678189	1.286970496	5.146066189	1.286970496
0.608175566	2.662287842	1.301156044	5.103675842	1.301156044
0.608187137	2.638483178	1.309156179	5.079871178	1.309156179
0.608198712	2.604642998	1.320571065	5.046030998	1.320571065
0.608210281	2.594763409	1.323912978	5.036151409	1.323912978
0.608221875	2.617901455	1.31609273	5.059289455	1.31609273
0.608233444	2.612274777	1.31799233	5.053662777	1.31799233
0.608245018	2.594929825	1.323856592	5.036317825	1.323856592
0.608256585	2.588304173	1.32610023	5.029692173	1.32610023
0.608268175	2.607179772	1.319713593	5.048567772	1.319713593
0.608279755	2.58065952	1.328691244	5.02204752	1.328691244
0.608291311	2.58033527	1.328801155	5.02172327	1.328801155
0.608302879	2.605666291	1.32022512	5.047054291	1.32022512
0.608314449	2.590416085	1.325384975	5.031804085	1.325384975
0.608326041	2.616235863	1.31665504	5.057623863	1.31665504
0.60833762	2.622594964	1.314509392	5.063982964	1.314509392
0.608349186	2.605055462	1.32043159	5.046443462	1.32043159
0.608360778	2.603431832	1.320980549	5.044819832	1.320980549
0.608372326	2.597745549	1.322903752	5.039133549	1.322903752
0.608383896	2.537450444	1.343384147	4.978838444	1.343384147
0.608395487	2.54505695	1.340791702	4.98644495	1.340791702
0.608407058	2.565968644	1.33367753	5.007356644	1.33367753
0.608418624	2.557661664	1.336501241	4.999049664	1.336501241
0.6084302	2.538671147	1.342967868	4.980059147	1.342967868
0.608441768	2.532537114	1.345059991	4.973925114	1.345059991
0.60845336	2.544267785	1.341060519	4.985655785	1.341060519
0.608464926	2.552265774	1.338337064	4.993653774	1.338337064
0.608476504	2.537065159	1.343515515	4.978453159	1.343515515
0.608488074	2.539754521	1.342598558	4.981142521	1.342598558
0.608499643	2.528555047	1.346419096	4.969943047	1.346419096
0.608511223	2.509463917	1.352944374	4.950851917	1.352944374
0.608522805	2.437313687	1.377750397	4.878701687	1.377750397
0.608534371	2.433881413	1.378936172	4.875269413	1.378936172
0.608545954	2.403074872	1.3896029	4.844462872	1.3896029
0.608557521	2.424287926	1.382253289	4.865675926	1.382253289
0.6085691	2.427397381	1.381177783	4.868785381	1.381177783
0.60858067	2.401508938	1.390146136	4.842896938	1.390146136
0.608592238	2.36242212	1.403743506	4.80381012	1.403743506
0.608603807	2.306711804	1.42324245	4.748099804	1.42324245
0.60861538	2.302926671	1.424572229	4.744314671	1.424572229
0.60862697	2.326130044	1.416429997	4.767518044	1.416429997
0.608638543	2.314096581	1.420649648	4.755484581	1.420649648
0.60865011	2.331980835	1.414380789	4.773368835	1.414380789
0.608661693	2.355958592	1.405998588	4.797346592	1.405998588
0.60867326	2.348644864	1.408552647	4.790032864	1.408552647
0.608684833	2.367313992	1.402038097	4.808701992	1.402038097
0.608696413	2.395907055	1.392090797	4.837295055	1.392090797
0.608707978	2.42404617	1.382336974	4.86543417	1.382336974
0.608719544	2.413990151	1.385818601	4.855378151	1.385818601
0.608731137	2.380447995	1.397464275	4.821835995	1.397464275
0.608742726	2.322562825	1.417680144	4.763950825	1.417680144
0.608754275	2.333131444	1.413977981	4.774519444	1.413977981
0.608765864	2.32499088	1.416829228	4.76637888	1.416829228
0.608777425	2.35974611	1.404676914	4.80113411	1.404676914
0.608788991	2.378798138	1.398038387	4.820186138	1.398038387
0.608800569	2.396276127	1.391962528	4.837664127	1.391962528
0.608812158	2.35256828	1.407182217	4.79395628	1.407182217
0.608823716	2.325632226	1.4166044	4.767020226	1.4166044
0.608835306	2.346096169	1.409443259	4.787484169	1.409443259
0.608846862	2.385813366	1.395598054	4.827201366	1.395598054
0.608858452	2.355529915	1.406148195	4.796917915	1.406148195
0.60887003	2.346461903	1.409315348	4.787849903	1.409315348
0.608881596	2.351662289	1.407498598	4.793050289	1.407498598
0.608893157	2.306035172	1.423480034	4.747423172	1.423480034
0.608904747	2.2664739	1.437412977	4.7078619	1.437412977
0.608916313	2.243540894	1.445522189	4.684928894	1.445522189
0.60892788	2.233730446	1.448998451	4.675118446	1.448998451
0.608939461	2.176709305	1.469290972	4.618097305	1.469290972
0.60895105	2.188719403	1.465004444	4.630107403	1.465004444
0.608962616	2.201019894	1.460621238	4.642407894	1.460621238
0.608974183	2.142079007	1.481687903	4.583467007	1.481687903
0.608985754	2.113886487	1.49182117	4.555274487	1.49182117
0.608997344	2.089236867	1.500711203	4.530624867	1.500711203
0.609008902	2.0897776	1.500515819	4.5311656	1.500515819
0.609020492	2.076405179	1.505350113	4.517793179	1.505350113
0.609032071	2.148566376	1.479361415	4.589954376	1.479361415
0.609043638	2.178463112	1.468664646	4.619851112	1.468664646
0.609055209	2.146901261	1.479958296	4.588289261	1.479958296
0.609066775	2.095866334	1.49831748	4.537254334	1.49831748
0.609078372	2.107511174	1.494117737	4.548899174	1.494117737
0.609089938	2.134040486	1.484573484	4.575428486	1.484573484
0.609101513	2.133862149	1.484637499	4.575250149	1.484637499
0.609113079	2.108483445	1.493767381	4.549871445	1.493767381
0.609124652	2.094339501	1.498868465	4.535727501	1.498868465
0.609136219	2.125474106	1.487651706	4.566862106	1.487651706
0.60914781	2.084973942	1.502251387	4.526361942	1.502251387
0.609159376	2.079918515	1.504079223	4.521306515	1.504079223
0.609170948	2.065126549	1.509433866	4.506514549	1.509433866
0.609182514	2.024556767	1.524172664	4.465944767	1.524172664
0.609194086	2.060702454	1.51103735	4.502090454	1.51103735
0.609205675	2.082018506	1.50331974	4.523406506	1.50331974
0.609217249	2.077050339	1.505116701	4.518438339	1.505116701
0.609228815	2.0815822	1.503477454	4.5229702	1.503477454
0.609240387	2.07716478	1.505075216	4.51855278	1.505075216
0.609251977	2.075297009	1.505751133	4.516685009	1.505751133
0.609263547	2.11785854	1.490391254	4.55924654	1.490391254
0.609275114	2.083794724	1.502677679	4.525182724	1.502677679
0.6092867	2.109478127	1.493409038	4.550866127	1.493409038
0.609298266	2.094514977	1.498805165	4.535902977	1.498805165
0.609309832	2.082683217	1.503079414	4.524071217	1.503079414
0.609321422	2.07085384	1.507359386	4.51224184	1.507359386
0.609332976	2.054680001	1.513221622	4.496068001	1.513221622
0.609344566	2.015262734	1.527559996	4.456650734	1.527559996
0.609356131	1.997430932	1.534070373	4.438818932	1.534070373
0.60936772	1.973941933	1.542668939	4.415329933	1.542668939
0.609379283	1.954167973	1.549927592	4.395555973	1.549927592
0.609390873	1.924645077	1.560799599	4.366033077	1.560799599
0.609402439	1.945757519	1.553020597	4.387145519	1.553020597
0.609414005	1.947321545	1.552445293	4.388709545	1.552445293
0.60942558	1.955232274	1.549536467	4.396620274	1.549536467
0.609437147	1.912405621	1.565319061	4.353793621	1.565319061
0.609448718	1.852864396	1.587406039	4.294252396	1.587406039
0.609460307	1.826599728	1.597202897	4.267987728	1.597202897
0.60947188	1.838251721	1.592852593	4.279639721	1.592852593
0.609483446	1.865442406	1.582726121	4.306830406	1.582726121
0.609495041	1.869615208	1.581175208	4.311003208	1.581175208
0.609506608	1.897456776	1.570848465	4.338844776	1.570848465
0.609518178	1.857941281	1.585516095	4.299329281	1.585516095
0.609529745	1.852194916	1.587655425	4.293582916	1.587655425
0.609541318	1.855782639	1.586319566	4.297170639	1.586319566
0.609552907	1.842466008	1.591280699	4.283854008	1.591280699
0.609564462	1.814751755	1.601633072	4.256139755	1.601633072
0.609576051	1.838695656	1.592687011	4.280083656	1.592687011
0.609587612	1.84940828	1.588693261	4.29079628	1.588693261
0.609599201	1.860432755	1.584589124	4.301820755	1.584589124
0.609610776	1.863647114	1.583393574	4.305035114	1.583393574
0.609622343	1.843816411	1.590777278	4.285204411	1.590777278
0.609633927	1.815953862	1.601183295	4.257341862	1.601183295
0.609645493	1.795479428	1.608853936	4.236867428	1.608853936
0.609657071	1.808351647	1.604029179	4.249739647	1.604029179
0.609668637	1.824472081	1.597998023	4.265860081	1.597998023
0.609680221	1.766760003	1.619647503	4.208148003	1.619647503
0.609691788	1.71641792	1.638664126	4.15780592	1.638664126
0.609703361	1.788218152	1.61157918	4.229606152	1.61157918
0.609714951	1.835885178	1.593735576	4.277273178	1.593735576
0.609726498	1.75283302	1.624896169	4.19422102	1.624896169
0.609738088	1.729376923	1.633757114	4.170764923	1.633757114
0.60974966	1.737834107	1.630559206	4.179222107	1.630559206
0.609761249	1.742546689	1.628778696	4.183934689	1.628778696
0.609772804	1.691674363	1.64805615	4.133062363	1.64805615
0.60978437	1.692503583	1.647740841	4.133891583	1.647740841
0.609795963	1.736003529	1.631251097	4.177391529	1.631251097
0.609807552	1.716048371	1.638804078	4.157436371	1.638804078
0.609819102	1.680505883	1.652305126	4.121893883	1.652305126
0.609830668	1.678984772	1.652884245	4.120372772	1.652884245
0.609842262	1.699826848	1.644958258	4.141214848	1.644958258
0.609853828	1.672504078	1.655353189	4.113892078	1.655353189
0.609865403	1.680801999	1.652192354	4.122189999	1.652192354
0.60987697	1.646085393	1.665438891	4.087473393	1.665438891
0.609888545	1.63184322	1.670890331	4.07323122	1.670890331
0.609900111	1.691380154	1.648167849	4.132768154	1.648167849
0.609911695	1.6319548	1.670847654	4.0733428	1.670847654
0.609923261	1.608879696	1.67970109	4.050267696	1.67970109
0.609934852	1.622647416	1.674415469	4.064035416	1.674415469
0.609946442	1.603736531	1.681677938	4.045124531	1.681677938
0.609957983	1.602595936	1.682116509	4.043983936	1.682116509
0.609969573	1.616039883	1.676950932	4.057427883	1.676950932
0.609981146	1.610983025	1.678892851	4.052371025	1.678892851
0.609992713	1.570510994	1.694480658	4.011898994	1.694480658
0.610004289	1.558052193	1.699295402	3.999440193	1.699295402
0.610015855	1.517183672	1.715143681	3.958571672	1.715143681
0.610027433	1.526379	1.711570621	3.967767	1.711570621
0.610039022	1.458276164	1.738134384	3.899664164	1.738134384
0.610050597	1.421327006	1.752644301	3.862715006	1.752644301
0.610062163	1.465954911	1.735127688	3.907342911	1.735127688
0.610073733	1.516770255	1.715304494	3.958158255	1.715304494
0.610085299	1.556017052	1.70008266	3.997405052	1.70008266
0.61009689	1.558026682	1.699305296	3.999414682	1.699305296
0.610108457	1.570828568	1.694357872	4.012216568	1.694357872
0.610120042	1.590253483	1.686866641	4.031641483	1.686866641
0.610131608	1.622208726	1.674583793	4.063596726	1.674583793
0.610143179	1.63206495	1.670805454	4.07345295	1.670805454
0.610154768	1.57768644	1.691711068	4.01907444	1.691711068
0.610166339	1.56105436	1.698134542	4.00244236	1.698134542
0.610177906	1.538494479	1.706869245	3.979882479	1.706869245
0.610189472	1.577232491	1.691886187	4.018620491	1.691886187
0.610201062	1.582400929	1.689892888	4.023788929	1.689892888
0.610212634	1.510396134	1.717783928	3.951784134	1.717783928
0.6102242	1.454806458	1.739494085	3.896194458	1.739494085
0.61023577	1.419995677	1.753168345	3.861383677	1.753168345
0.610247359	1.427097451	1.750373721	3.868485451	1.750373721
0.61025893	1.402189147	1.760186791	3.843577147	1.760186791
0.610270497	1.399253499	1.761345506	3.840641499	1.761345506
0.610282079	1.385647666	1.766721129	3.827035666	1.766721129
0.610293645	1.383778702	1.767460227	3.825166702	1.767460227
0.610305213	1.367121588	1.774055839	3.808509588	1.774055839
0.610316803	1.345775496	1.782528758	3.787163496	1.782528758
0.610328366	1.351142298	1.780396342	3.792530298	1.780396342
0.610339932	1.384078394	1.767341733	3.825466394	1.767341733
0.610351506	1.390263688	1.764896274	3.831651688	1.764896274
0.610363096	1.412544381	1.756103396	3.853932381	1.756103396
0.610374656	1.431989562	1.748450041	3.873377562	1.748450041
0.610386246	1.485308301	1.727562547	3.926696301	1.727562547
0.610397813	1.479401719	1.729869366	3.920789719	1.729869366
0.610409403	1.425807129	1.750881314	3.867195129	1.750881314
0.610420963	1.434147965	1.747601748	3.875535965	1.747601748
0.610432529	1.391644608	1.764350534	3.833032608	1.764350534
0.610444099	1.380920064	1.768591166	3.822308064	1.768591166
0.610455689	1.38503946	1.766961575	3.82642746	1.766961575
0.610467255	1.390053164	1.764979482	3.831441164	1.764979482
0.610478822	1.401846778	1.760321975	3.843234778	1.760321975
0.610490414	1.390354048	1.764860511	3.831742048	1.764860511
0.61050198	1.412804972	1.756000638	3.854192972	1.756000638
0.610513572	1.388454091	1.765611529	3.829842091	1.765611529
0.610525138	1.387243401	1.766090155	3.828631401	1.766090155
0.610536711	1.376761328	1.770237088	3.818149328	1.770237088
0.610548278	1.344696652	1.782957554	3.786084652	1.782957554
0.610559855	1.353714358	1.779374838	3.795102358	1.779374838
0.610571445	1.346865069	1.782095671	3.788253069	1.782095671
0.61058301	1.37023605	1.772821546	3.81162405	1.772821546
0.610594576	1.374594819	1.771094918	3.815982819	1.771094918
0.610606166	1.386217009	1.766495943	3.827605009	1.766495943
0.610617733	1.403477799	1.759678364	3.844865799	1.759678364
0.610629289	1.409020554	1.757492304	3.850408554	1.757492304
0.610640878	1.41720451	1.754267454	3.85859251	1.754267454
0.610652447	1.390434395	1.764828801	3.831822395	1.764828801
0.610664013	1.351318728	1.780326247	3.792706728	1.780326247
0.610675587	1.335935484	1.786442399	3.777323484	1.786442399
0.610687177	1.325682532	1.790525556	3.767070532	1.790525556
0.610698741	1.308977019	1.797189951	3.750365019	1.797189951
0.61071033	1.282215964	1.80789566	3.723603964	1.80789566
0.610721898	1.296154629	1.802314878	3.737542629	1.802314878
0.610733464	1.297408234	1.801813483	3.738796234	1.801813483
0.610745036	1.298660409	1.801312685	3.740048409	1.801312685
0.610756602	1.291008603	1.804374099	3.732396603	1.804374099
0.610768186	1.321200263	1.792312264	3.762588263	1.792312264
0.610779753	1.337782275	1.785707474	3.779170275	1.785707474
0.610791331	1.308729779	1.797288656	3.750117779	1.797288656
0.61080292	1.274797331	1.810870051	3.716185331	1.810870051
0.610814492	1.291167151	1.804310679	3.732555151	1.804310679
0.610826058	1.231837403	1.828149915	3.673225403	1.828149915
0.610837637	1.242418181	1.823885083	3.683806181	1.823885083
0.610849204	1.213631045	1.835501909	3.655019045	1.835501909
0.610860777	1.209296357	1.837254882	3.650684357	1.837254882
0.610872343	1.183328044	1.847777009	3.624716044	1.847777009
0.610883934	1.165418994	1.85505414	3.606806994	1.85505414
0.610895524	1.171189915	1.852707386	3.612577915	1.852707386
0.610907076	1.157147061	1.858420968	3.598535061	1.858420968
0.610918665	1.141862284	1.86465168	3.583250284	1.86465168
0.610930217	1.135761391	1.867142081	3.577149391	1.867142081
0.610941806	1.108799826	1.878171206	3.550187826	1.878171206
0.610953379	1.083377968	1.888605595	3.524765968	1.888605595
0.610964946	1.055018317	1.900286079	3.496406317	1.900286079
0.610976533	1.073732745	1.892573357	3.515120745	1.892573357
0.610988099	1.02578963	1.912369251	3.46717763	1.912369251
0.61099969	1.075130593	1.891998053	3.516518593	1.891998053
0.611011233	1.041382681	1.905917406	3.482770681	1.905917406
0.611022825	1.028586995	1.911210895	3.469974995	1.911210895
0.611034392	1.075225007	1.89195919	3.516613007	1.89195919
0.611045966	1.073702942	1.892585635	3.515090942	1.892585635
0.611057533	1.06504501	1.896151543	3.50643301	1.896151543
0.611069124	1.065656554	1.895899534	3.507044554	1.895899534
0.61108069	1.084738146	1.888046384	3.526126146	1.888046384
0.611092285	1.097099911	1.882969141	3.538487911	1.882969141
0.611103828	1.06950916	1.894312382	3.51089716	1.894312382
0.611115423	1.078018319	1.890809774	3.519406319	1.890809774
0.611126989	1.064682852	1.896300793	3.506070852	1.896300793
0.611138551	1.031834733	1.909866452	3.473222733	1.909866452
0.61115014	1.05667175	1.899603963	3.49805975	1.899603963
0.611161715	1.013265025	1.917560816	3.454653025	1.917560816
0.611173304	0.958852421	1.940212846	3.400240421	1.940212846
0.611184853	0.964932334	1.937673926	3.406320334	1.937673926
0.611196442	0.961018454	1.939308047	3.402406454	1.939308047
0.611207994	1.020343672	1.914625645	3.461731672	1.914625645
0.611219584	1.028512847	1.911241531	3.469900847	1.911241531
0.611231145	1.001055132	1.922630072	3.442443132	1.922630072
0.611242734	1.016944062	1.916034937	3.458332062	1.916034937
0.611254325	1.031355273	1.910064936	3.472743273	1.910064936
0.611265891	1.00754727	1.919933677	3.44893527	1.919933677
0.611277461	1.00877298	1.919424892	3.45016098	1.919424892
0.611289028	0.975529324	1.933253408	3.416917324	1.933253408
0.611300602	0.982413422	1.930384874	3.423801422	1.930384874
0.611312169	1.022661816	1.913664937	3.464049816	1.913664937
0.611323752	1.026860606	1.911925674	3.468248606	1.911925674
0.611335342	1.027624022	1.91160953	3.469012022	1.91160953
0.611346888	0.993662488	1.925703168	3.435050488	1.925703168
0.611358478	1.015089404	1.916804075	3.456477404	1.916804075
0.611370053	1.010010611	1.918911219	3.451398611	1.918911219
0.61138162	1.002055537	1.922214389	3.443443537	1.922214389
0.611393195	0.995657336	1.924873591	3.437045336	1.924873591
0.611404784	0.976286065	1.93293798	3.417674065	1.93293798
0.611416351	0.967606675	1.93655777	3.408994675	1.93655777
0.611427917	0.974235188	1.933792949	3.415623188	1.933792949
0.611439494	0.972251069	1.934620261	3.413639069	1.934620261
0.61145106	0.953375231	1.942501783	3.394763231	1.942501783
0.61146264	0.962633978	1.938633442	3.404021978	1.938633442
0.611474206	0.950766455	1.943592548	3.392154455	1.943592548
0.611485778	0.920427691	1.956304908	3.361815691	1.956304908
0.611497368	0.910213124	1.960596085	3.351601124	1.960596085
0.61150894	0.883425128	1.971876621	3.324813128	1.971876621
0.611520507	0.904214989	1.963118553	3.345602989	1.963118553
0.611532086	0.913879525	1.959055185	3.355267525	1.959055185
0.611543653	0.905377757	1.962629437	3.346765757	1.962629437
0.611555253	0.936121594	1.949722767	3.377509594	1.949722767
0.611566797	0.927592408	1.95329833	3.368980408	1.95329833
0.611578372	0.908503901	1.961314678	3.349891901	1.961314678
0.611589962	0.916501414	1.957953692	3.357889414	1.957953692
0.611601532	0.887816559	1.970024705	3.329204559	1.970024705
0.611613098	0.890477788	1.968902946	3.331865788	1.968902946
0.611624694	0.921661746	1.955786824	3.363049746	1.955786824
0.61163626	0.902098786	1.964008927	3.343486786	1.964008927
0.611647831	0.912098776	1.959803462	3.353486776	1.959803462
0.611659397	0.887812983	1.970026255	3.329200983	1.970026255
0.611670979	0.888292204	1.969824195	3.329680204	1.969824195
0.611682569	0.905547749	1.962557912	3.346935749	1.962557912
0.611694114	0.869758259	1.977646828	3.311146259	1.977646828
0.611705704	0.86595286	1.979255319	3.30734086	1.979255319
0.611717275	0.890252959	1.968997717	3.331640959	1.968997717
0.611728841	0.856855761	1.983103633	3.298243761	1.983103633
0.611740441	0.863147627	1.98044157	3.304535627	1.98044157
0.611751984	0.826961886	1.995781422	3.268349886	1.995781422
0.61176358	0.816282403	2.000322342	3.257670403	2.000322342
0.611775146	0.79161514	2.010834694	3.23300314	2.010834694
0.611786726	0.766917836	2.021393299	3.208305836	2.021393299
0.611798292	0.7425269	2.031853914	3.1839149	2.031853914
0.611809867	0.740123402	2.032886505	3.181511402	2.032886505
0.611821434	0.750750434	2.028323412	3.192138434	2.028323412
0.61183301	0.742906224	2.031691074	3.184294224	2.031691074
0.611844576	0.749672066	2.028786182	3.191060066	2.028786182
0.611856172	0.717519652	2.04261303	3.158907652	2.04261303
0.611867739	0.702826869	2.048950672	3.144214869	2.048950672
0.611879312	0.702419888	2.049126387	3.143807888	2.049126387
0.611890878	0.704240452	2.048340321	3.145628452	2.048340321
0.611902453	0.717006814	2.042834044	3.158394814	2.042834044
0.611914065	0.733544957	2.035714388	3.174932957	2.035714388
0.611925604	0.726250063	2.03885293	3.167638063	2.03885293
0.61193717	0.770179164	2.01999712	3.211567164	2.01999712
0.611948744	0.726056229	2.038936377	3.167444229	2.038936377
0.611960334	0.725877892	2.039013147	3.167265892	2.039013147
0.611971907	0.745096814	2.030750275	3.186484814	2.030750275
0.611983473	0.775133263	2.01787734	3.216521263	2.01787734
0.611995045	0.793732773	2.009930849	3.235120773	2.009930849
0.612006635	0.787041794	2.012787342	3.228429794	2.012787342
0.61201821	0.748043429	2.029485226	3.189431429	2.029485226
0.612029776	0.777120005	2.017027617	3.218508005	2.017027617
0.612041351	0.765005004	2.022212505	3.206393004	2.022212505
0.612052917	0.767098319	2.021316052	3.208486319	2.021316052
0.612064485	0.756352078	2.02592063	3.197740078	2.02592063
0.612076075	0.733726632	2.035636187	3.175114632	2.035636187
0.612087632	0.724625241	2.03955245	3.166013241	2.03955245
0.612099222	0.726033579	2.038946152	3.167421579	2.038946152
0.612110781	0.742761265	2.031753302	3.184149265	2.031753302
0.612122371	0.75172795	2.027904034	3.19311595	2.027904034
0.612133945	0.753620278	2.027092218	3.195008278	2.027092218
0.612145511	0.722257744	2.040571928	3.163645744	2.040571928
0.612157097	0.736966263	2.034243345	3.178354263	2.034243345
0.612168663	0.758896481	2.024829865	3.200284481	2.024829865
0.612180234	0.739718329	2.033060551	3.181106329	2.033060551
0.612191824	0.732691657	2.036081314	3.174079657	2.036081314
0.612203375	0.732617508	2.036113262	3.174005508	2.036113262
0.612214965	0.692828547	2.053270102	3.134216547	2.053270102
0.61222654	0.683174979	2.057446003	3.124562979	2.057446003
0.612238107	0.701728474	2.049424887	3.143116474	2.049424887
0.612249679	0.690842997	2.054128647	3.132230997	2.054128647
0.612261246	0.668033253	2.064006329	3.109421253	2.064006329
0.612272841	0.636937272	2.077519178	3.078325272	2.077519178
0.612284408	0.638097416	2.077013969	3.079485416	2.077013969
0.612295974	0.617781531	2.085870266	3.059169531	2.085870266
0.612307564	0.656679284	2.068933964	3.098067284	2.068933964
0.612319137	0.644381415	2.074279308	3.085769415	2.074279308
0.612330703	0.651362788	2.071243763	3.092750788	2.071243763
0.612342279	0.639867198	2.076243639	3.081255198	2.076243639
0.612353869	0.610423695	2.089083433	3.051811695	2.089083433
0.612365433	0.591562163	2.097334147	3.032950163	2.097334147
0.612377	0.592431199	2.09695363	3.033819199	2.09695363
0.612388572	0.617455851	2.086012363	3.058843851	2.086012363
0.612400138	0.610446583	2.08907342	3.051834583	2.08907342
0.612411732	0.61212958	2.088338137	3.05351758	2.088338137
0.612423298	0.624350678	2.083003998	3.065738678	2.083003998
0.612434878	0.6650442	2.065302849	3.1064322	2.065302849
0.612446445	0.714205157	2.044041634	3.155593157	2.044041634
0.612458013	0.695559632	2.052089691	3.136947632	2.052089691
0.612469602	0.692752492	2.053303003	3.134140492	2.053303003
0.612481169	0.660637032	2.067215443	3.102025032	2.067215443
0.612492736	0.634796034	2.078451634	3.076184034	2.078451634
0.612504311	0.637733828	2.077172279	3.079121828	2.077172279
0.612515878	0.647300612	2.073009729	3.088688612	2.073009729
0.612527474	0.608204018	2.09005332	3.049592018	2.09005332
0.61253904	0.567924153	2.107702732	3.009312153	2.107702732
0.612550616	0.595332514	2.095683336	3.036720514	2.095683336
0.612562182	0.59310187	2.096659899	3.03448987	2.096659899
0.612573755	0.579381596	2.102673054	3.020769596	2.102673054
0.612585344	0.597884547	2.094566345	3.039272547	2.094566345
0.612596916	0.556792151	2.112596512	2.998180151	2.112596512
0.612608483	0.581455599	2.101763487	3.022843599	2.101763487
0.612620051	0.553860318	2.113886595	2.995248318	2.113886595
0.612631641	0.570203911	2.106701374	3.011591911	2.106701374
0.612643213	0.578755509	2.102947712	3.020143509	2.102947712
0.61265478	0.582380425	2.101357937	3.023768425	2.101357937
0.612666347	0.574997317	2.104596853	3.016385317	2.104596853
0.612677936	0.577598702	2.103455305	3.018986702	2.103455305
0.612689493	0.569629561	2.106953621	3.011017561	2.106953621
0.612701083	0.585065257	2.100180864	3.026453257	2.100180864
0.612712655	0.596984517	2.094960213	3.038372517	2.094960213
0.612724222	0.588121544	2.098841429	3.029509544	2.098841429
0.612735789	0.596808564	2.095037222	3.038196564	2.095037222
0.612747379	0.575731646	2.104274511	3.017119646	2.104274511
0.612758952	0.578526866	2.103048086	3.019914866	2.103048086
0.612770518	0.606209885	2.090924978	3.047597885	2.090924978
0.61278209	0.568299662	2.107537746	3.009687662	2.107537746
0.612793679	0.553592097	2.114004612	2.994980097	2.114004612
0.612805234	0.529495846	2.12462616	2.970883846	2.12462616
0.612816823	0.550748002	2.115256548	2.992136002	2.115256548
0.612828393	0.53484429	2.122265816	2.97623229	2.122265816
0.61283996	0.544873129	2.117844105	2.986261129	2.117844105
0.612851544	0.529406916	2.124665499	2.970794916	2.124665499
0.61286311	0.543540608	2.11843133	2.984928608	2.11843133
0.612874687	0.532018792	2.123512507	2.973406792	2.123512507
0.612886254	0.531929146	2.123552084	2.973317146	2.123552084
0.612897845	0.544998061	2.11778903	2.986386061	2.11778903
0.612909411	0.530763041	2.12406683	2.972151041	2.12406683
0.612920989	0.535573136	2.121944189	2.976961136	2.121944189
0.612932556	0.521807324	2.128022194	2.963195324	2.128022194
0.612944127	0.533342015	2.122928619	2.974730015	2.122928619
0.612955716	0.556059968	2.112918615	2.997447968	2.112918615
0.612967274	0.549088608	2.115987301	2.990476608	2.115987301
0.612978863	0.566864144	2.108168364	3.008252144	2.108168364
0.612990434	0.54435147	2.11807394	2.98573947	2.11807394
0.613002	0.541727673	2.11923027	2.983115673	2.11923027
0.613013571	0.567171942	2.10803318	3.008559942	2.10803318
0.61302516	0.543882977	2.118280411	2.985270977	2.118280411
0.613036734	0.558792244	2.111716747	3.000180244	2.111716747
0.6130483	0.572068821	2.105882406	3.013456821	2.105882406
0.613059864	0.567129504	2.108051777	3.008517504	2.108051777
0.613071453	0.57264341	2.105630159	3.01403141	2.105630159
0.613083024	0.566734444	2.108225346	3.008122444	2.108225346
0.61309459	0.533840071	2.122708798	2.975228071	2.122708798
0.613106162	0.535622965	2.121922255	2.977010965	2.121922255
0.613117752	0.539955508	2.120011568	2.981343508	2.120011568
0.613129326	0.511631381	2.132522106	2.953019381	2.132522106
0.613140893	0.512466561	2.132152557	2.953854561	2.132152557
0.613152472	0.482236039	2.145554066	2.923624039	2.145554066
0.613164038	0.466337096	2.152623177	2.907725096	2.152623177
0.613175608	0.465879571	2.152826786	2.907267571	2.152826786
0.613187197	0.452699076	2.158698559	2.894087076	2.158698559
0.613198756	0.469455372	2.15123558	2.910843372	2.15123558
0.613210346	0.459183823	2.155808449	2.900571823	2.155808449
0.613221924	0.462941062	2.154134989	2.904329062	2.154134989
0.61323349	0.491040837	2.141645432	2.932428837	2.141645432
0.613245072	0.463026177	2.15409708	2.904414177	2.15409708
0.613256638	0.489773165	2.142207861	2.931161165	2.142207861
0.613268216	0.457644116	2.156494379	2.899032116	2.156494379
0.613279783	0.436633479	2.165868998	2.878021479	2.165868998
0.613291356	0.421026599	2.17284894	2.862414599	2.17284894
0.613302923	0.405929219	2.179614306	2.847317219	2.179614306
0.613314507	0.429698359	2.168968916	2.871086359	2.168968916
0.613326074	0.459853303	2.155510187	2.901241303	2.155510187
0.613337647	0.441826951	2.163549423	2.883214951	2.163549423
0.613349236	0.467420708	2.152140856	2.908808708	2.152140856
0.61336081	0.425403248	2.170890093	2.866791248	2.170890093
0.613372376	0.436658513	2.165857792	2.878046513	2.165857792
0.613383959	0.459640872	2.155604839	2.901028872	2.155604839
0.613395549	0.459345948	2.155736208	2.900733948	2.155736208
0.613407098	0.451002966	2.159454823	2.892390966	2.159454823
0.613418665	0.429603945	2.169011116	2.870991945	2.169011116
0.613430256	0.453969609	2.158132076	2.895357609	2.158132076
0.613441822	0.462429654	2.154362679	2.903817654	2.154362679
0.613453394	0.473265778	2.149540663	2.914653778	2.149540663
0.61346496	0.454632174	2.157836676	2.896020174	2.157836676
0.613476535	0.470890414	2.150597096	2.912278414	2.150597096
0.613488125	0.477095496	2.147838116	2.918483496	2.147838116
0.613499705	0.481135737	2.146042824	2.922523737	2.146042824
0.613511271	0.470041644	2.150974751	2.911429644	2.150974751
0.613522852	0.441098105	2.163874865	2.882486105	2.163874865
0.613534418	0.424843203	2.171140671	2.866231203	2.171140671
0.613545984	0.449728142	2.160023451	2.891116142	2.160023451
0.613557574	0.428835761	2.169354677	2.870223761	2.169354677
0.613569131	0.429855477	2.168898583	2.871243477	2.168898583
0.61358072	0.409011733	2.178231955	2.850399733	2.178231955
0.613592291	0.412190091	2.176807165	2.853578091	2.176807165
0.613603857	0.404746663	2.180144787	2.846134663	2.180144787
0.613615444	0.415280711	2.175422192	2.856668711	2.175422192
0.613627011	0.392250907	2.185755253	2.833638907	2.185755253
0.613638577	0.381181609	2.190732718	2.822569609	2.190732718
0.613650167	0.402799737	2.181018353	2.844187737	2.181018353
0.613661744	0.36441816	2.198284149	2.80580616	2.198284149
0.613673311	0.386034142	2.188549757	2.827422142	2.188549757
0.613684895	0.380626809	2.190982342	2.822014809	2.190982342
0.613696461	0.364468228	2.198261499	2.805856228	2.198261499
0.613708041	0.389758479	2.186875343	2.831146479	2.186875343
0.613719608	0.422375094	2.172245264	2.863763094	2.172245264
0.613731166	0.424973857	2.171082258	2.866361857	2.171082258
0.613742756	0.42919172	2.169195414	2.87057972	2.169195414
0.613754329	0.453837525	2.158190966	2.895225525	2.158190966
0.613765895	0.459370982	2.155725002	2.900758982	2.155725002
0.613777476	0.440107714	2.164317131	2.881495714	2.164317131
0.613789042	0.432670723	2.167639971	2.874058723	2.167639971
0.613800615	0.419263016	2.173638582	2.860651016	2.173638582
0.613812204	0.419915806	2.173346281	2.861303806	2.173346281
0.613823764	0.397761952	2.183279753	2.839149952	2.183279753
0.613835353	0.42115606	2.172791004	2.86254406	2.172791004
0.613846941	0.404834878	2.180105209	2.846222878	2.180105209
0.613858484	0.407245051	2.17902422	2.848633051	2.17902422
0.613870075	0.405001294	2.180030584	2.846389294	2.180030584
0.613881665	0.395161044	2.184447765	2.836549044	2.184447765
0.613893216	0.370546948	2.195521355	2.811934948	2.195521355
0.613904783	0.34961022	2.204968214	2.79099822	2.204968214
0.613916376	0.37067927	2.19546175	2.81206727	2.19546175
0.613927943	0.381280552	2.190688133	2.822668552	2.190688133
0.61393953	0.402821671	2.181008577	2.844209671	2.181008577
0.613951096	0.359675538	2.200423479	2.801063538	2.200423479
0.613962651	0.371243369	2.195207596	2.812631369	2.195207596
0.61397424	0.381345879	2.190658808	2.822733879	2.190658808
0.613985799	0.386824738	2.188194275	2.828212738	2.188194275
0.613997389	0.40394796	2.18050313	2.84533596	2.18050313
0.614008979	0.412374627	2.176724434	2.853762627	2.176724434
0.614020523	0.405186307	2.179947615	2.846574307	2.179947615
0.614032096	0.407027613	2.179121733	2.848415613	2.179121733
0.614043686	0.427649628	2.169885159	2.869037628	2.169885159
0.614055264	0.397192132	2.183535576	2.838580132	2.183535576
0.61406683	0.393145453	2.185353279	2.834533453	2.185353279
0.614078397	0.379793536	2.191357374	2.821181536	2.191357374
0.614089986	0.382371079	2.190197468	2.823759079	2.190197468
0.614101548	0.410177361	2.177709341	2.851565361	2.177709341
0.614113114	0.366205346	2.197478294	2.807593346	2.197478294
0.614124717	0.385050904	2.188992024	2.826438904	2.188992024
0.614136283	0.36725558	2.197004795	2.80864358	2.197004795
0.614147866	0.367358815	2.196958304	2.808746815	2.196958304
0.614159432	0.365307461	2.197883129	2.806695461	2.197883129
0.614171014	0.364799868	2.198112011	2.806187868	2.198112011
0.61418258	0.368876826	2.196274042	2.810264826	2.196274042
0.614194149	0.377530705	2.192375898	2.818918705	2.192375898
0.614205715	0.356578242	2.201821327	2.797966242	2.201821327
0.614217287	0.361533534	2.199585199	2.802921534	2.199585199
0.614228877	0.358058344	2.201153278	2.799446344	2.201153278
0.614240454	0.370267045	2.195647478	2.811655045	2.195647478
0.61425202	0.373534571	2.194175482	2.814922571	2.194175482
0.614263591	0.358079564	2.201143742	2.799467564	2.201143742
0.614275183	0.362177264	2.199294806	2.803565264	2.199294806
0.614286744	0.353073727	2.203403711	2.794461727	2.203403711
0.614298311	0.370849263	2.195385218	2.812237263	2.195385218
0.614309888	0.365166318	2.197946787	2.806554318	2.197946787
0.614321478	0.353847157	2.203054428	2.795235157	2.203054428
0.614333047	0.345074545	2.207018137	2.786462545	2.207018137
0.614344613	0.323725354	2.216682911	2.765113354	2.216682911
0.614356192	0.324919831	2.216141462	2.766307831	2.216141462
0.614367763	0.324900281	2.216150284	2.766288281	2.216150284
0.614379332	0.338890683	2.209814787	2.780278683	2.209814787
0.614390899	0.353603255	2.203164578	2.794991255	2.203164578
0.614402469	0.337453257	2.210465193	2.778841257	2.210465193
0.614414058	0.339100968	2.209719658	2.780488968	2.209719658
0.614425631	0.319412839	2.21863842	2.760800839	2.21863842
0.614437198	0.358654868	2.200884104	2.800042868	2.200884104
0.614448766	0.367670189	2.196817875	2.809058189	2.196817875
0.614460355	0.319926869	2.218405247	2.761314869	2.218405247
0.614471925	0.360111367	2.200226784	2.801499367	2.200226784
0.6144835	0.378020178	2.1921556	2.819408178	2.1921556
0.614495066	0.348817717	2.205326319	2.790205717	2.205326319
0.614506656	0.361082684	2.19978857	2.802470684	2.19978857
0.614518236	0.368036162	2.196652889	2.809424162	2.196652889
0.614529805	0.388529193	2.187427998	2.829917193	2.187427998
0.61454136	0.37707914	2.192579269	2.81846714	2.192579269
0.614552954	0.371442448	2.19511795	2.812830448	2.19511795
0.614564529	0.343896281	2.207550764	2.785284281	2.207550764
0.614576086	0.33732165	2.210524797	2.77870965	2.210524797
0.614587678	0.357883584	2.201232195	2.799271584	2.201232195
0.614599247	0.339858901	2.209376812	2.781246901	2.209376812
0.614610808	0.347126137	2.206090689	2.788514137	2.206090689
0.614622397	0.357913148	2.201218844	2.799301148	2.201218844
0.614633973	0.326326024	2.21550417	2.767714024	2.21550417
0.614645541	0.351187598	2.204255581	2.792575598	2.204255581
0.614657116	0.312244069	2.221891403	2.753632069	2.221891403
0.614668688	0.333969485	2.212042093	2.775357485	2.212042093
0.614680255	0.320473563	2.218157291	2.761861563	2.218157291
0.614691825	0.315655839	2.220342875	2.757043839	2.220342875
0.614703414	0.310868393	2.22251606	2.752256393	2.22251606
0.614714995	0.319025885	2.218813896	2.760413885	2.218813896
0.614726563	0.318330657	2.219129324	2.759718657	2.219129324
0.614738135	0.349989068	2.20479703	2.791377068	2.20479703
0.614749701	0.328878533	2.214347601	2.770266533	2.214347601
0.614761271	0.358594548	2.200911284	2.799982548	2.200911284
0.614772875	0.340371739	2.209144831	2.781759739	2.209144831
0.614784444	0.345385682	2.20687747	2.786773682	2.20687747
0.614796013	0.365861546	2.197633266	2.807249546	2.197633266
0.614807585	0.3269688	2.215212822	2.7683568	2.215212822
0.614819153	0.316356789	2.220024824	2.757744789	2.220024824
0.614830727	0.335641514	2.211285114	2.777029514	2.211285114
0.614842294	0.325401198	2.215923309	2.766789198	2.215923309
0.614853865	0.327384125	2.21502471	2.768772125	2.21502471
0.614865438	0.321311604	2.217777252	2.762699604	2.217777252
0.614877031	0.323036324	2.216995239	2.764424324	2.216995239
0.614888601	0.309951674	2.222932339	2.751339674	2.222932339
0.614900167	0.290868174	2.231609345	2.732256174	2.231609345
0.614911735	0.284155261	2.234666586	2.725543261	2.234666586
0.614923352	0.287697207	2.233053207	2.729085207	2.233053207
0.614934896	0.274609934	2.23901844	2.715997934	2.23901844
0.614946466	0.27126063	2.240546703	2.71264863	2.240546703
0.614958036	0.278380047	2.237298966	2.719768047	2.237298966
0.614969622	0.275060546	2.238812923	2.716448546	2.238812923
0.614981192	0.26608647	2.242908955	2.70747447	2.242908955
0.614992768	0.299771201	2.227558613	2.741159201	2.227558613
0.615004342	0.29165424	2.231251478	2.73304224	2.231251478
0.615015912	0.30913366	2.223303795	2.75052166	2.223303795
0.615027509	0.293520104	2.230402231	2.734908104	2.230402231
0.615039056	0.290705096	2.231683493	2.732093096	2.231683493
0.615050645	0.305273663	2.225057364	2.746661663	2.225057364
0.615062213	0.309455525	2.223157644	2.750843525	2.223157644
0.61507378	0.279015433	2.237009287	2.720403433	2.237009287
0.615085349	0.280779492	2.236205101	2.722167492	2.236205101
0.61509692	0.283056628	2.235167265	2.724444628	2.235167265
0.615108515	0.305625807	2.224897385	2.747013807	2.224897385
0.615120082	0.296204936	2.229180574	2.737592936	2.229180574
0.615131659	0.291574132	2.231287956	2.732962132	2.231287956
0.615143225	0.289663683	2.232157707	2.731051683	2.232157707
0.615154792	0.275582682	2.238574743	2.716970682	2.238574743
0.615166366	0.294038903	2.230166197	2.735426903	2.230166197
0.615177955	0.311879765	2.222056866	2.753267765	2.222056866
0.615189522	0.294209611	2.230088472	2.735597611	2.230088472
0.615201088	0.275948655	2.23840785	2.717336655	2.23840785
0.615212682	0.286008488	2.233822346	2.727396488	2.233822346
